5.148194454658999719e-04
1.031349254538000033e-03
5.148194454658999719e-04
2.565545409298000137e-04
5.148194454658999719e-04
2.064408872682200156e-03
5.148194454658999719e-04
1.031349254538000033e-03
2.064408872682200156e-03
5.148194454658999719e-04
2.565545409298000137e-04
9.762229198459147479e-05
2.565545409298000137e-04
7.730843500019000209e-04
9.762229198459147479e-05
1.031349254538000033e-03
1.547879063610100095e-03
1.597052017288000088e-04
2.565545409298000137e-04
1.704662394177999883e-04
2.852506414337999769e-04
6.439518977339000506e-04
8.591726515138999650e-04
5.148194454658999719e-04
2.892395894443190035e-02
1.547879063610100095e-03
7.207960911838820072e-05
5.148194454658999719e-04
2.698573689780710397e-05
5.148194454658999719e-04
7.229706963403299651e-03
2.698573689780710397e-05
3.291167169228499927e-03
3.162034716960400102e-03
3.613998299898499907e-03
2.968336038558400201e-03
4.647057918042699597e-03
2.645504907888300040e-03
5.148194454658999719e-04
2.565545409298000137e-04
2.839203586290400122e-03
5.148194454658999719e-04
5.163587727114900272e-03
1.031349254538000033e-03
1.704662394177999883e-04
3.426428424418000119e-04
3.082075218370000018e-04
4.115134836513999780e-04
7.214313690947000328e-04
6.181254072802999482e-04
5.148194454658999719e-04
3.082075218370000018e-04
1.015955982081999951e-04
4.115134836513999780e-04
2.698573689780710397e-05
1.134655216352400010e-03
4.647057918042699597e-03
9.280432927235999488e-04
5.550985083918900075e-03
4.776190370310799856e-03
1.673712957494776564e-05
1.394205485053158370e-05
1.348168960180421363e-05
1.394205485053158370e-05
1.550729669620464532e-05
1.304763093871840466e-05
1.224990150385800316e-05
1.673712957494776564e-05
1.550729669620464532e-05
3.272495699860833668e-05
3.518462275609457056e-05
3.057274946080787187e-05
3.272495699860833668e-05
2.698573689780710397e-05
2.867374280980746653e-05
3.272495699860833668e-05
3.518462275609457056e-05
3.802269863011716635e-05
3.518462275609457056e-05
3.802269863011716635e-05
4.133378714981017558e-05
4.524689176399284318e-05
2.565545409298000137e-04
1.274220886617999891e-04
1.015955982081999951e-04
5.148194454658999719e-04
7.207960911838820072e-05
5.568183740181324720e-05
5.148194454658999719e-04
8.437793790581939722e-05
2.565545409298000137e-04
7.057530360379300413e-03
1.084541562690810070e-02
2.565545409298000137e-04
2.710071134022299863e-03
2.128975098816199979e-03
1.547879063610100095e-03
1.186308197259599998e-03
1.083002235445200022e-03
6.697783881875000447e-04
6.181254072802999482e-04
1.015955982081999951e-04
8.376505761358999519e-04
7.730843500019000209e-04
1.274220886617999891e-04
8.376505761358999519e-04
3.097468490826399846e-03
2.565545409298000137e-04
2.698573689780710397e-05
2.547541581864888447e-05
5.664724263730999600e-04
6.439518977339000506e-04
7.085181238678999816e-04
6.439518977339000506e-04
2.698573689780710397e-05
2.867374280980746653e-05
5.905784922581397233e-05
2.867374280980746653e-05
6.439518977339000506e-04
7.085181238678999816e-04
8.437793790581939722e-05
1.704662394177999883e-04
6.439518977339000506e-04
1.031349254538000033e-03
5.793856715999000113e-04
1.704662394177999883e-04
5.148194454658999719e-04
2.698573689780710397e-05
1.547879063610100095e-03
1.704662394177999883e-04
5.793856715999000113e-04
1.031349254538000033e-03
2.049015600225999984e-04
2.580938681754299784e-03
7.730843500019000209e-04
1.720055666634099983e-03
5.163587727114900272e-03
5.148194454658999719e-04
2.839203586290400122e-03
1.031349254538000033e-03
2.698573689780710397e-05
2.867374280980746653e-05
5.568183740181324720e-05
1.418746611342100016e-03
1.289614159073999974e-03
1.160481706805999895e-03
3.856869931977999840e-04
5.148194454658999719e-04
5.163587727114900272e-03
1.031349254538000033e-03
2.565545409298000137e-04
5.148194454658999719e-04
5.568183740181324720e-05
6.285586252781478979e-05
8.437793790581939722e-05
1.704662394177999883e-04
5.148194454658999719e-04
1.547879063610100095e-03
1.031349254538000033e-03
2.580938681754299784e-03
1.547879063610100095e-03
1.031349254538000033e-03
5.148194454658999719e-04
1.704662394177999883e-04
2.565545409298000137e-04
5.148194454658999719e-04
3.097468490826399846e-03
2.565545409298000137e-04
5.148194454658999719e-04
1.704662394177999883e-04
5.148194454658999719e-04
1.274220886617999891e-04
5.148194454658999719e-04
5.722116464739000069e-04
1.031349254538000033e-03
1.547879063610100095e-03
7.730843500019000209e-04
5.148194454658999719e-04
2.565545409298000137e-04
5.148194454658999719e-04
2.565545409298000137e-04
5.148194454658999719e-04
7.207960911838820072e-05
2.934495272920999999e-04
5.148194454658999719e-04
2.565545409298000137e-04
5.148194454658999719e-04
2.565545409298000137e-04
1.031349254538000033e-03
5.148194454658999719e-04
6.296038474819000419e-04
5.148194454658999719e-04
6.285586252781478979e-05
5.148194454658999719e-04
6.285586252781478979e-05
1.547879063610100095e-03
6.285586252781478979e-05
5.148194454658999719e-04
1.274220886617999891e-04
5.148194454658999719e-04
1.274220886617999891e-04
5.148194454658999719e-04
6.285586252781478979e-05
1.134655216352400010e-03
1.031349254538000033e-03
5.148194454658999719e-04
1.495188829935291623e-05
1.031349254538000033e-03
1.550729669620464532e-05
1.610100912042546436e-05
5.148194454658999719e-04
1.031349254538000033e-03
1.610100912042546436e-05
5.148194454658999719e-04
2.565545409298000137e-04
1.031349254538000033e-03
1.610100912042546436e-05
3.391238184704996800e-05
1.610100912042546436e-05
1.031349254538000033e-03
1.610100912042546436e-05
5.148194454658999719e-04
1.031349254538000033e-03
1.547879063610100095e-03
5.148194454658999719e-04
1.031349254538000033e-03
2.565545409298000137e-04
7.730843500019000209e-04
2.049015600225999984e-04
2.565545409298000137e-04
1.031349254538000033e-03
5.148194454658999719e-04
1.547879063610100095e-03
2.064408872682200156e-03
6.439518977339000506e-04
1.031349254538000033e-03
2.580938681754299784e-03
2.049015600225999984e-04
2.565545409298000137e-04
1.031349254538000033e-03
5.148194454658999719e-04
1.031349254538000033e-03
1.919883147958000014e-04
2.565545409298000137e-04
5.148194454658999719e-04
2.064408872682200156e-03
2.565545409298000137e-04
7.730843500019000209e-04
1.031349254538000033e-03
5.148194454658999719e-04
1.031349254538000033e-03
5.148194454658999719e-04
7.730843500019000209e-04
1.031349254538000033e-03
5.148194454658999719e-04
1.031349254538000033e-03
5.148194454658999719e-04
6.285586252781478979e-05
7.730843500019000209e-04
5.148194454658999719e-04
4.994261730101202804e-05
1.015955982081999951e-04
5.148194454658999719e-04
5.853244341214499598e-07
5.148194454658999719e-04
1.031349254538000033e-03
5.148194454658999719e-04
1.031349254538000033e-03
5.148194454658999719e-04
5.751665224386158064e-07
2.860696651076273849e-06
1.015955982081999951e-04
5.751665224386158064e-07
5.148194454658999719e-04
1.015955982081999951e-04
1.579912144709284629e-05
1.550729669620464532e-05
1.522503996993573631e-05
1.641348934369957430e-05
1.443119292730441630e-05
1.224990150385800316e-05
1.610100912042546436e-05
1.468740811037590069e-05
1.854570733780529115e-05
1.981171177180556477e-05
1.673712957494776564e-05
3.518462275609457056e-05
4.994261730101202804e-05
3.655110373247581838e-05
3.272495699860833668e-05
2.959447330726221005e-05
3.161414020490486835e-05
3.057274946080787187e-05
3.391238184704996800e-05
7.775576086643337876e-05
8.437793790581939722e-05
9.220414713418471886e-05
1.704662394177999883e-04
2.565545409298000137e-04
1.704662394177999883e-04
5.148194454658999719e-04
1.704662394177999883e-04
1.015955982081999951e-04
5.148194454658999719e-04
1.547879063610100095e-03
1.031349254538000033e-03
5.148194454658999719e-04
1.031349254538000033e-03
5.148194454658999719e-04
1.031349254538000033e-03
5.148194454658999719e-04
2.565545409298000137e-04
4.994261730101202804e-05
5.148194454658999719e-04
2.565545409298000137e-04
5.148194454658999719e-04
4.994261730101202804e-05
5.148194454658999719e-04
1.015955982081999951e-04
4.994261730101202804e-05
5.148194454658999719e-04
4.994261730101202804e-05
5.148194454658999719e-04
1.031349254538000033e-03
5.148194454658999719e-04
1.015955982081999951e-04
1.532485791154000103e-04
5.148194454658999719e-04
1.031349254538000033e-03
1.547879063610100095e-03
2.064408872682200156e-03
5.148194454658999719e-04
2.580938681754299784e-03
5.148194454658999719e-04
3.097468490826399846e-03
5.148194454658999719e-04
7.730843500019000209e-04
5.148194454658999719e-04
1.031349254538000033e-03
1.547879063610100095e-03
5.148194454658999719e-04
7.576910775461756509e-05
7.730843500019000209e-04
5.148194454658999719e-04
7.730843500019000209e-04
2.565545409298000137e-04
5.148194454658999719e-04
7.730843500019000209e-04
9.513897559482172126e-05
6.716027760341571941e-05
5.148194454658999719e-04
3.426428424418000119e-04
1.015955982081999951e-04
8.437793790581939722e-05
5.148194454658999719e-04
2.565545409298000137e-04
5.148194454658999719e-04
7.730843500019000209e-04
2.565545409298000137e-04
5.148194454658999719e-04
7.730843500019000209e-04
5.148194454658999719e-04
2.565545409298000137e-04
3.426428424418000119e-04
2.565545409298000137e-04
1.547879063610100095e-03
4.524689176399284318e-05
2.565545409298000137e-04
5.148194454658999719e-04
1.547879063610100095e-03
5.148194454658999719e-04
1.704662394177999883e-04
5.148194454658999719e-04
1.031349254538000033e-03
1.547879063610100095e-03
5.148194454658999719e-04
1.704662394177999883e-04
2.565545409298000137e-04
5.148194454658999719e-04
1.704662394177999883e-04
1.031349254538000033e-03
5.148194454658999719e-04
1.031349254538000033e-03
2.049015600225999984e-04
3.082075218370000018e-04
2.049015600225999984e-04
3.082075218370000018e-04
1.031349254538000033e-03
5.148194454658999719e-04
1.547879063610100095e-03
1.031349254538000033e-03
2.580938681754299784e-03
1.348168960180421363e-05
1.089745954806000007e-04
3.518462275609457056e-05
7.207960911838820072e-05
5.148194454658999719e-04
7.730843500019000209e-04
2.698573689780710397e-05
5.148194454658999719e-04
2.565545409298000137e-04
5.148194454658999719e-04
1.031349254538000033e-03
5.148194454658999719e-04
1.547879063610100095e-03
1.031349254538000033e-03
5.148194454658999719e-04
1.031349254538000033e-03
1.130740384097999939e-04
5.148194454658999719e-04
2.565545409298000137e-04
5.148194454658999719e-04
2.565545409298000137e-04
1.458695818429000006e-04
5.148194454658999719e-04
1.031349254538000033e-03
1.547879063610100095e-03
1.742037006313838617e-05
1.704662394177999883e-04
3.655110373247581838e-05
1.742037006313838617e-05
5.148194454658999719e-04
8.437793790581939722e-05
1.704662394177999883e-04
2.064408872682200156e-03
1.031349254538000033e-03
5.148194454658999719e-04
6.713177154331199589e-03
1.031349254538000033e-03
6.713177154331199589e-03
7.229706963403299651e-03
2.565545409298000137e-04
2.064408872682200156e-03
3.655110373247581838e-05
1.031349254538000033e-03
5.148194454658999719e-04
7.775576086643337876e-05
6.716027760341571941e-05
3.961202111956981051e-05
7.207960911838820072e-05
5.148194454658999719e-04
3.426428424418000119e-04
1.130740384097999939e-04
1.031349254538000033e-03
2.565545409298000137e-04
5.148194454658999719e-04
1.031349254538000033e-03
5.148194454658999719e-04
1.031349254538000033e-03
5.148194454658999719e-04
1.031349254538000033e-03
1.547879063610100095e-03
5.148194454658999719e-04
1.547879063610100095e-03
5.148194454658999719e-04
1.031349254538000033e-03
1.547879063610100095e-03
5.148194454658999719e-04
1.031349254538000033e-03
2.565545409298000137e-04
1.031349254538000033e-03
5.148194454658999719e-04
2.565545409298000137e-04
1.031349254538000033e-03
3.272495699860833668e-05
1.015955982081999951e-04
6.716027760341571941e-05
3.272495699860833668e-05
1.704662394177999883e-04
2.565545409298000137e-04
5.148194454658999719e-04
6.869960484898999685e-04
2.565545409298000137e-04
1.031349254538000033e-03
2.565545409298000137e-04
5.148194454658999719e-04
6.716027760341571941e-05
1.015955982081999951e-04
3.272495699860833668e-05
5.148194454658999719e-04
6.716027760341571941e-05
1.031349254538000033e-03
2.064408872682200156e-03
5.148194454658999719e-04
3.272495699860833668e-05
5.148194454658999719e-04
7.730843500019000209e-04
1.031349254538000033e-03
5.148194454658999719e-04
1.031349254538000033e-03
5.148194454658999719e-04
2.565545409298000137e-04
5.148194454658999719e-04
1.015955982081999951e-04
5.568183740181324720e-05
4.133378714981017558e-05
7.730843500019000209e-04
4.130528108970600402e-03
3.272495699860833668e-05
5.148194454658999719e-04
6.716027760341571941e-05
5.148194454658999719e-04
1.015955982081999951e-04
6.285586252781478979e-05
5.148194454658999719e-04
2.064408872682200156e-03
5.148194454658999719e-04
1.031349254538000033e-03
5.148194454658999719e-04
8.437793790581939722e-05
1.031349254538000033e-03
5.148194454658999719e-04
1.031349254538000033e-03
5.148194454658999719e-04
1.031349254538000033e-03
5.148194454658999719e-04
1.031349254538000033e-03
4.130528108970600402e-03
5.148194454658999719e-04
2.176826407889689179e-05
2.288629396866336728e-05
4.748295154352578061e-05
5.148194454658999719e-04
2.698573689780710397e-05
2.547541581864888447e-05
5.148194454658999719e-04
2.565545409298000137e-04
5.148194454658999719e-04
2.698573689780710397e-05
5.148194454658999719e-04
1.704662394177999883e-04
2.698573689780710397e-05
3.518462275609457056e-05
7.207960911838820072e-05
6.285586252781478979e-05
5.148194454658999719e-04
1.031349254538000033e-03
5.148194454658999719e-04
1.031349254538000033e-03
5.148194454658999719e-04
3.426428424418000119e-04
5.148194454658999719e-04
2.565545409298000137e-04
5.148194454658999719e-04
4.133378714981017558e-05
5.148194454658999719e-04
8.222901952880010441e-06
1.815616751195906015e-05
2.808943307103811156e-05
3.802269863011716635e-05
5.148194454658999719e-04
1.015955982081999951e-04
5.148194454658999719e-04
2.049015600225999984e-04
3.082075218370000018e-04
5.148194454658999719e-04
2.565545409298000137e-04
5.148194454658999719e-04
1.031349254538000033e-03
5.148194454658999719e-04
3.856869931977999840e-04
5.148194454658999719e-04
2.565545409298000137e-04
5.148194454658999719e-04
1.015955982081999951e-04
5.148194454658999719e-04
1.015955982081999951e-04
5.148194454658999719e-04
8.437793790581939722e-05
5.148194454658999719e-04
2.565545409298000137e-04
5.148194454658999719e-04
2.565545409298000137e-04
5.148194454658999719e-04
4.524689176399284318e-05
5.148194454658999719e-04
4.524689176399284318e-05
5.148194454658999719e-04
4.524689176399284318e-05
5.148194454658999719e-04
1.704662394177999883e-04
5.148194454658999719e-04
2.580938681754299784e-03
8.437793790581939722e-05
5.148194454658999719e-04
8.437793790581939722e-05
1.274220886617999891e-04
4.524689176399284318e-05
1.391614025042999957e-04
1.031349254538000033e-03
5.148194454658999719e-04
3.426428424418000119e-04
4.524689176399284318e-05
5.148194454658999719e-04
1.274220886617999891e-04
2.565545409298000137e-04
1.031349254538000033e-03
5.148194454658999719e-04
2.565545409298000137e-04
5.148194454658999719e-04
2.565545409298000137e-04
1.031349254538000033e-03
5.568183740181324720e-05
5.148194454658999719e-04
1.031349254538000033e-03
5.148194454658999719e-04
1.031349254538000033e-03
5.148194454658999719e-04
1.031349254538000033e-03
5.148194454658999719e-04
1.031349254538000033e-03
5.148194454658999719e-04
1.031349254538000033e-03
2.565545409298000137e-04
1.031349254538000033e-03
5.148194454658999719e-04
1.031349254538000033e-03
5.148194454658999719e-04
1.031349254538000033e-03
5.148194454658999719e-04
4.748295154352578061e-05
5.148194454658999719e-04
1.031349254538000033e-03
5.148194454658999719e-04
1.031349254538000033e-03
5.148194454658999719e-04
1.031349254538000033e-03
5.148194454658999719e-04
1.031349254538000033e-03
5.148194454658999719e-04
1.031349254538000033e-03
5.148194454658999719e-04
2.565545409298000137e-04
5.148194454658999719e-04
1.031349254538000033e-03
1.547879063610100095e-03
5.148194454658999719e-04
1.547879063610100095e-03
5.148194454658999719e-04
1.015955982081999951e-04
5.148194454658999719e-04
2.565545409298000137e-04
5.148194454658999719e-04
2.565545409298000137e-04
5.148194454658999719e-04
2.176826407889689179e-05
2.565545409298000137e-04
5.148194454658999719e-04
7.730843500019000209e-04
5.148194454658999719e-04
3.426428424418000119e-04
7.207960911838820072e-05
1.704662394177999883e-04
3.426428424418000119e-04
5.148194454658999719e-04
1.704662394177999883e-04
5.148194454658999719e-04
8.591726515138999650e-04
5.148194454658999719e-04
1.704662394177999883e-04
5.148194454658999719e-04
1.031349254538000033e-03
5.148194454658999719e-04
1.031349254538000033e-03
5.148194454658999719e-04
2.064408872682200156e-03
2.580938681754299784e-03
2.064408872682200156e-03
5.148194454658999719e-04
2.565545409298000137e-04
8.591726515138999650e-04
1.031349254538000033e-03
1.203525857561999922e-03
1.704662394177999883e-04
2.064408872682200156e-03
1.203525857561999922e-03
1.375702460586000027e-03
2.565545409298000137e-04
5.148194454658999719e-04
2.565545409298000137e-04
3.426428424418000119e-04
1.031349254538000033e-03
5.148194454658999719e-04
1.031349254538000033e-03
5.148194454658999719e-04
1.031349254538000033e-03
5.148194454658999719e-04
2.565545409298000137e-04
7.730843500019000209e-04
2.565545409298000137e-04
5.148194454658999719e-04
7.730843500019000209e-04
5.148194454658999719e-04
2.565545409298000137e-04
5.148194454658999719e-04
1.015955982081999951e-04
5.148194454658999719e-04
1.704662394177999883e-04
2.565545409298000137e-04
5.148194454658999719e-04
2.580938681754299784e-03
2.565545409298000137e-04
5.148194454658999719e-04
4.994261730101202804e-05
2.565545409298000137e-04
4.994261730101202804e-05
1.704662394177999883e-04
2.565545409298000137e-04
5.148194454658999719e-04
1.704662394177999883e-04
7.730843500019000209e-04
5.148194454658999719e-04
2.565545409298000137e-04
5.148194454658999719e-04
1.547879063610100095e-03
1.031349254538000033e-03
5.148194454658999719e-04
1.031349254538000033e-03
5.148194454658999719e-04
1.547879063610100095e-03
7.730843500019000209e-04
4.524689176399284318e-05
5.148194454658999719e-04
7.730843500019000209e-04
6.869960484898999685e-04
5.148194454658999719e-04
2.064408872682200156e-03
4.524689176399284318e-05
5.148194454658999719e-04
1.547879063610100095e-03
1.861186578745000029e-04
3.426428424418000119e-04
1.031349254538000033e-03
7.730843500019000209e-04
2.580938681754299784e-03
1.031349254538000033e-03
1.547879063610100095e-03
1.031349254538000033e-03
1.547879063610100095e-03
2.064408872682200156e-03
5.148194454658999719e-04
2.565545409298000137e-04
5.148194454658999719e-04
1.031349254538000033e-03
5.148194454658999719e-04
2.565545409298000137e-04
1.704662394177999883e-04
2.565545409298000137e-04
5.148194454658999719e-04
3.426428424418000119e-04
5.148194454658999719e-04
2.565545409298000137e-04
3.426428424418000119e-04
1.031349254538000033e-03
2.565545409298000137e-04
3.426428424418000119e-04
5.148194454658999719e-04
3.856869931977999840e-04
5.148194454658999719e-04
1.031349254538000033e-03
5.148194454658999719e-04
1.031349254538000033e-03
5.148194454658999719e-04
1.031349254538000033e-03
5.148194454658999719e-04
1.031349254538000033e-03
5.148194454658999719e-04
1.031349254538000033e-03
5.148194454658999719e-04
2.565545409298000137e-04
5.148194454658999719e-04
2.565545409298000137e-04
5.148194454658999719e-04
2.565545409298000137e-04
5.148194454658999719e-04
2.565545409298000137e-04
5.148194454658999719e-04
1.031349254538000033e-03
7.730843500019000209e-04
5.148194454658999719e-04
1.031349254538000033e-03
5.148194454658999719e-04
3.426428424418000119e-04
2.580938681754299784e-03
4.647057918042699597e-03
1.031349254538000033e-03
5.148194454658999719e-04
2.565545409298000137e-04
5.148194454658999719e-04
7.730843500019000209e-04
5.148194454658999719e-04
1.704662394177999883e-04
5.148194454658999719e-04
1.031349254538000033e-03
2.049015600225999984e-04
1.031349254538000033e-03
5.148194454658999719e-04
2.565545409298000137e-04
5.148194454658999719e-04
2.565545409298000137e-04
5.148194454658999719e-04
1.031349254538000033e-03
5.148194454658999719e-04
1.015955982081999951e-04
5.148194454658999719e-04
1.015955982081999951e-04
1.704662394177999883e-04
5.148194454658999719e-04
1.704662394177999883e-04
5.148194454658999719e-04
1.704662394177999883e-04
5.148194454658999719e-04
1.704662394177999883e-04
5.148194454658999719e-04
8.437793790581939722e-05
5.148194454658999719e-04
7.207960911838820072e-05
5.148194454658999719e-04
5.165127054360479919e-02
8.437793790581939722e-05
1.015955982081999951e-04
5.148194454658999719e-04
5.165127054360479919e-02
2.064408872682200156e-03
5.148194454658999719e-04
1.031349254538000033e-03
1.547879063610100095e-03
1.031349254538000033e-03
2.196595545675000003e-04
1.031349254538000033e-03
5.148194454658999719e-04
1.031349254538000033e-03
2.565545409298000137e-04
1.031349254538000033e-03
5.148194454658999719e-04
1.031349254538000033e-03
5.148194454658999719e-04
1.547879063610100095e-03
5.148194454658999719e-04
5.165127054360479919e-02
2.565545409298000137e-04
1.704662394177999883e-04
5.148194454658999719e-04
2.565545409298000137e-04
1.704662394177999883e-04
5.148194454658999719e-04
1.031349254538000033e-03
5.148194454658999719e-04
1.547879063610100095e-03
5.148194454658999719e-04
2.565545409298000137e-04
5.148194454658999719e-04
2.565545409298000137e-04
5.148194454658999719e-04
2.565545409298000137e-04
5.148194454658999719e-04
1.031349254538000033e-03
5.148194454658999719e-04
2.565545409298000137e-04
1.704662394177999883e-04
5.148194454658999719e-04
2.565545409298000137e-04
1.704662394177999883e-04
5.148194454658999719e-04
2.565545409298000137e-04
5.148194454658999719e-04
2.565545409298000137e-04
5.148194454658999719e-04
2.565545409298000137e-04
1.704662394177999883e-04
2.565545409298000137e-04
5.148194454658999719e-04
2.565545409298000137e-04
5.148194454658999719e-04
2.565545409298000137e-04
5.148194454658999719e-04
1.031349254538000033e-03
5.148194454658999719e-04
2.565545409298000137e-04
5.148194454658999719e-04
2.565545409298000137e-04
5.148194454658999719e-04
2.565545409298000137e-04
5.148194454658999719e-04
2.565545409298000137e-04
5.148194454658999719e-04
2.565545409298000137e-04
5.148194454658999719e-04
2.565545409298000137e-04
1.031349254538000033e-03
5.148194454658999719e-04
1.547879063610100095e-03
5.148194454658999719e-04
1.031349254538000033e-03
5.148194454658999719e-04
1.547879063610100095e-03
5.148194454658999719e-04
1.547879063610100095e-03
1.031349254538000033e-03
5.148194454658999719e-04
2.565545409298000137e-04
5.148194454658999719e-04
2.565545409298000137e-04
5.148194454658999719e-04
2.565545409298000137e-04
1.704662394177999883e-04
5.148194454658999719e-04
1.031349254538000033e-03
5.148194454658999719e-04
1.031349254538000033e-03
2.064408872682200156e-03
1.031349254538000033e-03
5.148194454658999719e-04
1.031349254538000033e-03
5.148194454658999719e-04
1.031349254538000033e-03
5.148194454658999719e-04
1.031349254538000033e-03
5.148194454658999719e-04
1.031349254538000033e-03
5.148194454658999719e-04
3.426428424418000119e-04
5.148194454658999719e-04
1.031349254538000033e-03
5.148194454658999719e-04
2.565545409298000137e-04
5.148194454658999719e-04
2.565545409298000137e-04
5.148194454658999719e-04
2.565545409298000137e-04
1.031349254538000033e-03
2.565545409298000137e-04
5.148194454658999719e-04
2.565545409298000137e-04
1.704662394177999883e-04
2.565545409298000137e-04
5.148194454658999719e-04
2.565545409298000137e-04
5.148194454658999719e-04
2.565545409298000137e-04
5.148194454658999719e-04
1.031349254538000033e-03
2.565545409298000137e-04
5.148194454658999719e-04
1.031349254538000033e-03
5.148194454658999719e-04
1.704662394177999883e-04
5.148194454658999719e-04
3.872263204434599811e-03
4.388793013506700307e-03
1.704662394177999883e-04
5.148194454658999719e-04
2.565545409298000137e-04
1.704662394177999883e-04
5.148194454658999719e-04
2.565545409298000137e-04
5.148194454658999719e-04
1.704662394177999883e-04
5.148194454658999719e-04
1.031349254538000033e-03
5.148194454658999719e-04
1.031349254538000033e-03
5.148194454658999719e-04
1.031349254538000033e-03
5.148194454658999719e-04
1.704662394177999883e-04
3.426428424418000119e-04
1.031349254538000033e-03
5.148194454658999719e-04
1.031349254538000033e-03
5.148194454658999719e-04
1.704662394177999883e-04
5.148194454658999719e-04
5.165127054360479919e-02
2.565545409298000137e-04
5.148194454658999719e-04
5.165127054360479919e-02
5.148194454658999719e-04
5.165127054360479919e-02
2.565545409298000137e-04
5.148194454658999719e-04
1.031349254538000033e-03
2.565545409298000137e-04
3.856869931977999840e-04
1.031349254538000033e-03
1.274220886617999891e-04
4.994261730101202804e-05
2.064408872682200156e-03
1.031349254538000033e-03
2.565545409298000137e-04
5.148194454658999719e-04
5.165127054360479919e-02
5.148194454658999719e-04
2.565545409298000137e-04
5.148194454658999719e-04
1.547879063610100095e-03
5.148194454658999719e-04
2.064408872682200156e-03
1.547879063610100095e-03
1.031349254538000033e-03
5.148194454658999719e-04
1.547879063610100095e-03
2.064408872682200156e-03
5.148194454658999719e-04
1.031349254538000033e-03
1.547879063610100095e-03
5.148194454658999719e-04
2.565545409298000137e-04
5.148194454658999719e-04
4.994261730101202804e-05
4.524689176399284318e-05
5.148194454658999719e-04
1.031349254538000033e-03
2.565545409298000137e-04
5.148194454658999719e-04
1.031349254538000033e-03
4.133378714981017558e-05
5.148194454658999719e-04
1.458695818429000006e-04
5.148194454658999719e-04
1.704662394177999883e-04
5.148194454658999719e-04
1.031349254538000033e-03
1.547879063610100095e-03
2.064408872682200156e-03
5.148194454658999719e-04
1.031349254538000033e-03
5.148194454658999719e-04
2.064408872682200156e-03
5.148194454658999719e-04
7.730843500019000209e-04
2.565545409298000137e-04
5.148194454658999719e-04
7.730843500019000209e-04
1.031349254538000033e-03
7.730843500019000209e-04
5.148194454658999719e-04
2.565545409298000137e-04
5.148194454658999719e-04
1.031349254538000033e-03
5.148194454658999719e-04
1.031349254538000033e-03
5.148194454658999719e-04
1.031349254538000033e-03
5.148194454658999719e-04
1.031349254538000033e-03
5.148194454658999719e-04
1.547879063610100095e-03
1.031349254538000033e-03
5.148194454658999719e-04
1.547879063610100095e-03
5.148194454658999719e-04
1.031349254538000033e-03
5.148194454658999719e-04
2.565545409298000137e-04
5.148194454658999719e-04
1.547879063610100095e-03
1.031349254538000033e-03
4.994261730101202804e-05
5.148194454658999719e-04
1.031349254538000033e-03
5.148194454658999719e-04
1.031349254538000033e-03
1.547879063610100095e-03
2.565545409298000137e-04
1.031349254538000033e-03
2.565545409298000137e-04
1.031349254538000033e-03
5.148194454658999719e-04
2.565545409298000137e-04
5.148194454658999719e-04
2.565545409298000137e-04
5.148194454658999719e-04
1.031349254538000033e-03
5.148194454658999719e-04
2.565545409298000137e-04
5.148194454658999719e-04
1.547879063610100095e-03
1.031349254538000033e-03
5.148194454658999719e-04
5.165127054360479919e-02
1.031349254538000033e-03
5.148194454658999719e-04
1.031349254538000033e-03
5.148194454658999719e-04
3.613998299898499907e-03
5.148194454658999719e-04
1.031349254538000033e-03
2.565545409298000137e-04
1.031349254538000033e-03
5.148194454658999719e-04
2.565545409298000137e-04
5.148194454658999719e-04
1.704662394177999883e-04
5.148194454658999719e-04
4.994261730101202804e-05
5.165127054360479919e-02
5.148194454658999719e-04
2.565545409298000137e-04
5.148194454658999719e-04
1.031349254538000033e-03
5.148194454658999719e-04
1.031349254538000033e-03
5.148194454658999719e-04
2.565545409298000137e-04
1.274220886617999891e-04
2.565545409298000137e-04
5.148194454658999719e-04
2.565545409298000137e-04
5.148194454658999719e-04
1.031349254538000033e-03
5.148194454658999719e-04
1.031349254538000033e-03
5.148194454658999719e-04
5.165127054360479919e-02
5.148194454658999719e-04
2.565545409298000137e-04
5.148194454658999719e-04
7.730843500019000209e-04
1.031349254538000033e-03
5.148194454658999719e-04
3.426428424418000119e-04
1.031349254538000033e-03
3.097468490826399846e-03
1.031349254538000033e-03
2.580938681754299784e-03
2.064408872682200156e-03
5.148194454658999719e-04
2.580938681754299784e-03
1.910989257206180056e-02
5.148194454658999719e-04
1.031349254538000033e-03
5.148194454658999719e-04
2.565545409298000137e-04
5.148194454658999719e-04
1.910989257206180056e-02
5.148194454658999719e-04
9.554091104227800668e-03
2.565545409298000137e-04
1.031349254538000033e-03
5.148194454658999719e-04
1.031349254538000033e-03
3.426428424418000119e-04
5.148194454658999719e-04
2.565545409298000137e-04
5.148194454658999719e-04
2.565545409298000137e-04
3.426428424418000119e-04
1.031349254538000033e-03
1.910989257206180056e-02
3.426428424418000119e-04
5.148194454658999719e-04
1.031349254538000033e-03
3.426428424418000119e-04
1.910989257206180056e-02
2.565545409298000137e-04
1.031349254538000033e-03
3.426428424418000119e-04
7.730843500019000209e-04
1.910989257206180056e-02
2.580938681754299784e-03
1.375702460586000027e-03
5.148194454658999719e-04
5.165127054360479919e-02
8.247373309091000091e-04
1.031349254538000033e-03
5.148194454658999719e-04
7.730843500019000209e-04
2.580938681754299784e-03
2.839203586290400122e-03
9.554091104227800668e-03
8.099793363642000072e-04
1.134655216352400010e-03
2.580938681754299784e-03
1.547879063610100095e-03
5.148194454658999719e-04
1.031349254538000033e-03
2.565545409298000137e-04
1.031349254538000033e-03
4.647057918042699597e-03
1.910989257206180056e-02
5.148194454658999719e-04
2.565545409298000137e-04
6.296038474819000419e-04
1.859336276298970136e-02
2.839203586290400122e-03
9.295826199691700764e-03
6.296038474819000419e-04
9.295826199691700764e-03
1.032888581783599977e-02
4.388793013506700307e-03
1.032888581783599977e-02
9.739570535299999984e-04
1.704377333577340031e-02
1.859336276298970136e-02
4.647057918042699597e-03
1.015955982081999951e-04
5.148194454658999719e-04
1.704662394177999883e-04
2.839203586290400122e-03
2.064408872682200156e-03
5.148194454658999719e-04
1.704662394177999883e-04
5.148194454658999719e-04
2.064408872682200156e-03
1.547879063610100095e-03
2.565545409298000137e-04
5.148194454658999719e-04
2.565545409298000137e-04
5.148194454658999719e-04
1.031349254538000033e-03
5.148194454658999719e-04
4.819234521066800316e-03
5.148194454658999719e-04
2.565545409298000137e-04
5.148194454658999719e-04
2.565545409298000137e-04
4.819234521066800316e-03
2.064408872682200156e-03
5.148194454658999719e-04
5.680117536187000334e-03
2.565545409298000137e-04
5.148194454658999719e-04
2.565545409298000137e-04
1.031349254538000033e-03
5.148194454658999719e-04
1.031349254538000033e-03
3.426428424418000119e-04
5.148194454658999719e-04
6.869960484898999685e-04
5.148194454658999719e-04
7.730843500019000209e-04
5.148194454658999719e-04
2.565545409298000137e-04
5.148194454658999719e-04
3.426428424418000119e-04
5.148194454658999719e-04
1.031349254538000033e-03
5.148194454658999719e-04
7.730843500019000209e-04
1.031349254538000033e-03
5.148194454658999719e-04
1.547879063610100095e-03
1.274220886617999891e-04
2.565545409298000137e-04
5.148194454658999719e-04
2.565545409298000137e-04
5.148194454658999719e-04
1.547879063610100095e-03
1.704662394177999883e-04
3.426428424418000119e-04
1.704662394177999883e-04
2.565545409298000137e-04
5.148194454658999719e-04
2.565545409298000137e-04
5.148194454658999719e-04
2.565545409298000137e-04
1.704662394177999883e-04
2.565545409298000137e-04
1.704662394177999883e-04
1.547879063610100095e-03
2.565545409298000137e-04
1.289614159073999974e-03
1.547879063610100095e-03
5.148194454658999719e-04
1.704662394177999883e-04
5.148194454658999719e-04
4.130528108970600402e-03
2.565545409298000137e-04
5.148194454658999719e-04
1.547879063610100095e-03
5.148194454658999719e-04
1.031349254538000033e-03
5.148194454658999719e-04
1.547879063610100095e-03
1.031349254538000033e-03
5.148194454658999719e-04
1.031349254538000033e-03
5.148194454658999719e-04
1.031349254538000033e-03
1.704662394177999883e-04
5.148194454658999719e-04
7.730843500019000209e-04
2.565545409298000137e-04
5.148194454658999719e-04
8.437793790581939722e-05
5.148194454658999719e-04
2.565545409298000137e-04
5.148194454658999719e-04
1.031349254538000033e-03
1.274220886617999891e-04
1.547879063610100095e-03
2.565545409298000137e-04
1.031349254538000033e-03
5.148194454658999719e-04
1.031349254538000033e-03
5.148194454658999719e-04
1.031349254538000033e-03
5.148194454658999719e-04
1.031349254538000033e-03
7.730843500019000209e-04
1.031349254538000033e-03
5.148194454658999719e-04
5.165127054360479919e-02
5.148194454658999719e-04
1.547879063610100095e-03
5.148194454658999719e-04
2.565545409298000137e-04
3.426428424418000119e-04
2.565545409298000137e-04
5.148194454658999719e-04
8.437793790581939722e-05
5.148194454658999719e-04
1.031349254538000033e-03
3.454934484522065258e-06
5.148194454658999719e-04
1.031349254538000033e-03
7.207960911838820072e-05
6.285586252781478979e-05
7.207960911838820072e-05
6.285586252781478979e-05
7.207960911838820072e-05
4.524689176399284318e-05
3.454934484522065258e-06
4.133378714981017558e-05
5.148194454658999719e-04
4.524689176399284318e-05
5.148194454658999719e-04
1.031349254538000033e-03
2.565545409298000137e-04
3.454934484522065258e-06
5.148194454658999719e-04
1.031349254538000033e-03
5.148194454658999719e-04
3.454934484522065258e-06
5.148194454658999719e-04
2.565545409298000137e-04
5.148194454658999719e-04
1.704662394177999883e-04
5.148194454658999719e-04
1.547879063610100095e-03
2.565545409298000137e-04
1.547879063610100095e-03
5.148194454658999719e-04
1.031349254538000033e-03
5.148194454658999719e-04
7.207960911838820072e-05
4.524689176399284318e-05
4.133378714981017558e-05
1.289614159073999974e-03
2.565545409298000137e-04
5.148194454658999719e-04
2.565545409298000137e-04
5.148194454658999719e-04
1.031349254538000033e-03
4.994261730101202804e-05
1.031349254538000033e-03
5.148194454658999719e-04
1.031349254538000033e-03
4.524689176399284318e-05
6.285586252781478979e-05
4.994261730101202804e-05
7.207960911838820072e-05
1.015955982081999951e-04
1.274220886617999891e-04
1.704662394177999883e-04
2.565545409298000137e-04
5.148194454658999719e-04
1.031349254538000033e-03
1.289614159073999974e-03
5.148194454658999719e-04
8.437793790581939722e-05
1.015955982081999951e-04
1.031349254538000033e-03
1.274220886617999891e-04
2.565545409298000137e-04
5.148194454658999719e-04
1.031349254538000033e-03
2.064408872682200156e-03
1.031349254538000033e-03
3.454934484522065258e-06
1.031349254538000033e-03
1.704662394177999883e-04
5.148194454658999719e-04
1.704662394177999883e-04
5.148194454658999719e-04
1.704662394177999883e-04
5.148194454658999719e-04
1.704662394177999883e-04
5.148194454658999719e-04
1.704662394177999883e-04
5.148194454658999719e-04
1.704662394177999883e-04
5.148194454658999719e-04
1.704662394177999883e-04
5.165127054360479919e-02
5.148194454658999719e-04
5.165127054360479919e-02
1.704662394177999883e-04
1.274220886617999891e-04
1.015955982081999951e-04
2.565545409298000137e-04
1.015955982081999951e-04
2.565545409298000137e-04
3.426428424418000119e-04
5.148194454658999719e-04
1.274220886617999891e-04
1.704662394177999883e-04
5.148194454658999719e-04
2.580938681754299784e-03
4.130528108970600402e-03
1.031349254538000033e-03
5.148194454658999719e-04
1.031349254538000033e-03
4.130528108970600402e-03
1.031349254538000033e-03
7.730843500019000209e-04
1.031349254538000033e-03
1.547879063610100095e-03
1.031349254538000033e-03
5.148194454658999719e-04
1.547879063610100095e-03
2.565545409298000137e-04
2.049015600225999984e-04
1.031349254538000033e-03
5.148194454658999719e-04
1.704662394177999883e-04
5.148194454658999719e-04
1.031349254538000033e-03
5.165127054360479919e-02
5.148194454658999719e-04
5.165127054360479919e-02
1.547879063610100095e-03
1.031349254538000033e-03
1.547879063610100095e-03
1.031349254538000033e-03
5.148194454658999719e-04
1.031349254538000033e-03
1.547879063610100095e-03
1.031349254538000033e-03
1.547879063610100095e-03
1.031349254538000033e-03
5.165127054360479919e-02
1.547879063610100095e-03
1.031349254538000033e-03
5.148194454658999719e-04
1.031349254538000033e-03
5.148194454658999719e-04
1.547879063610100095e-03
5.148194454658999719e-04
1.031349254538000033e-03
5.148194454658999719e-04
1.031349254538000033e-03
5.148194454658999719e-04
1.547879063610100095e-03
1.031349254538000033e-03
5.148194454658999719e-04
2.565545409298000137e-04
1.547879063610100095e-03
2.565545409298000137e-04
5.148194454658999719e-04
2.565545409298000137e-04
5.148194454658999719e-04
1.031349254538000033e-03
5.148194454658999719e-04
2.565545409298000137e-04
1.547879063610100095e-03
5.148194454658999719e-04
1.031349254538000033e-03
5.148194454658999719e-04
1.031349254538000033e-03
5.148194454658999719e-04
1.031349254538000033e-03
2.064408872682200156e-03
1.031349254538000033e-03
2.064408872682200156e-03
1.031349254538000033e-03
2.064408872682200156e-03
1.031349254538000033e-03
2.064408872682200156e-03
1.031349254538000033e-03
5.148194454658999719e-04
1.031349254538000033e-03
2.565545409298000137e-04
1.031349254538000033e-03
5.148194454658999719e-04
1.031349254538000033e-03
5.148194454658999719e-04
2.565545409298000137e-04
5.148194454658999719e-04
1.031349254538000033e-03
5.148194454658999719e-04
1.031349254538000033e-03
5.148194454658999719e-04
1.031349254538000033e-03
5.148194454658999719e-04
1.031349254538000033e-03
5.165127054360479919e-02
5.148194454658999719e-04
1.031349254538000033e-03
5.148194454658999719e-04
1.289614159073999974e-03
1.031349254538000033e-03
5.148194454658999719e-04
1.031349254538000033e-03
5.148194454658999719e-04
1.547879063610100095e-03
1.031349254538000033e-03
5.148194454658999719e-04
1.031349254538000033e-03
1.547879063610100095e-03
1.031349254538000033e-03
5.148194454658999719e-04
1.031349254538000033e-03
5.148194454658999719e-04
1.547879063610100095e-03
1.031349254538000033e-03
5.165127054360479919e-02
5.148194454658999719e-04
2.565545409298000137e-04
1.547879063610100095e-03
1.704662394177999883e-04
2.565545409298000137e-04
1.031349254538000033e-03
5.148194454658999719e-04
2.565545409298000137e-04
1.704662394177999883e-04
2.565545409298000137e-04
5.165127054360479919e-02
1.031349254538000033e-03
3.426428424418000119e-04
5.148194454658999719e-04
1.704662394177999883e-04
2.565545409298000137e-04
8.437793790581939722e-05
1.547879063610100095e-03
1.031349254538000033e-03
5.148194454658999719e-04
8.437793790581939722e-05
5.148194454658999719e-04
8.437793790581939722e-05
3.426428424418000119e-04
2.565545409298000137e-04
5.148194454658999719e-04
5.165127054360479919e-02
3.426428424418000119e-04
5.165127054360479919e-02
5.148194454658999719e-04
5.165127054360479919e-02
5.148194454658999719e-04
2.565545409298000137e-04
5.148194454658999719e-04
2.565545409298000137e-04
7.730843500019000209e-04
5.148194454658999719e-04
3.426428424418000119e-04
5.148194454658999719e-04
7.730843500019000209e-04
5.148194454658999719e-04
1.704662394177999883e-04
2.565545409298000137e-04
5.148194454658999719e-04
1.031349254538000033e-03
1.547879063610100095e-03
1.031349254538000033e-03
5.148194454658999719e-04
1.031349254538000033e-03
5.148194454658999719e-04
7.730843500019000209e-04
5.148194454658999719e-04
5.165127054360479919e-02
3.426428424418000119e-04
5.148194454658999719e-04
7.730843500019000209e-04
1.547879063610100095e-03
1.031349254538000033e-03
5.148194454658999719e-04
1.031349254538000033e-03
5.148194454658999719e-04
5.165127054360479919e-02
5.148194454658999719e-04
5.165127054360479919e-02
2.064408872682200156e-03
1.919883147958000014e-04
2.565545409298000137e-04
1.031349254538000033e-03
5.148194454658999719e-04
6.869960484898999685e-04
2.064408872682200156e-03
1.031349254538000033e-03
5.148194454658999719e-04
1.031349254538000033e-03
5.148194454658999719e-04
2.064408872682200156e-03
5.148194454658999719e-04
2.064408872682200156e-03
1.031349254538000033e-03
5.148194454658999719e-04
3.426428424418000119e-04
5.148194454658999719e-04
1.547879063610100095e-03
1.031349254538000033e-03
5.165127054360479919e-02
1.031349254538000033e-03
5.165127054360479919e-02
2.565545409298000137e-04
5.148194454658999719e-04
1.031349254538000033e-03
5.148194454658999719e-04
5.165127054360479919e-02
5.148194454658999719e-04
1.031349254538000033e-03
3.426428424418000119e-04
2.565545409298000137e-04
1.704662394177999883e-04
5.148194454658999719e-04
5.165127054360479919e-02
5.148194454658999719e-04
5.165127054360479919e-02
2.565545409298000137e-04
1.031349254538000033e-03
5.148194454658999719e-04
1.015955982081999951e-04
2.565545409298000137e-04
5.148194454658999719e-04
2.565545409298000137e-04
5.148194454658999719e-04
2.565545409298000137e-04
1.704662394177999883e-04
3.426428424418000119e-04
1.031349254538000033e-03
3.426428424418000119e-04
5.148194454658999719e-04
2.565545409298000137e-04
5.148194454658999719e-04
2.565545409298000137e-04
5.148194454658999719e-04
2.565545409298000137e-04
5.148194454658999719e-04
1.031349254538000033e-03
5.148194454658999719e-04
2.565545409298000137e-04
5.148194454658999719e-04
2.565545409298000137e-04
5.148194454658999719e-04
1.015955982081999951e-04
8.437793790581939722e-05
5.148194454658999719e-04
2.565545409298000137e-04
5.148194454658999719e-04
2.565545409298000137e-04
1.704662394177999883e-04
5.148194454658999719e-04
2.565545409298000137e-04
5.148194454658999719e-04
2.565545409298000137e-04
1.274220886617999891e-04
2.565545409298000137e-04
6.869960484898999685e-04
3.097468490826399846e-03
1.547879063610100095e-03
1.274220886617999891e-04
1.289614159073999974e-03
1.274220886617999891e-04
3.856869931977999840e-04
2.565545409298000137e-04
3.856869931977999840e-04
5.148194454658999719e-04
2.565545409298000137e-04
5.148194454658999719e-04
1.031349254538000033e-03
5.148194454658999719e-04
3.426428424418000119e-04
5.148194454658999719e-04
2.565545409298000137e-04
1.031349254538000033e-03
2.565545409298000137e-04
1.031349254538000033e-03
2.565545409298000137e-04
1.031349254538000033e-03
5.148194454658999719e-04
1.031349254538000033e-03
2.565545409298000137e-04
5.148194454658999719e-04
2.565545409298000137e-04
1.031349254538000033e-03
1.704662394177999883e-04
2.565545409298000137e-04
4.130528108970600402e-03
2.565545409298000137e-04
5.148194454658999719e-04
1.031349254538000033e-03
2.565545409298000137e-04
5.148194454658999719e-04
1.031349254538000033e-03
2.064408872682200156e-03
5.148194454658999719e-04
1.031349254538000033e-03
9.667626669325059372e-05
1.547879063610100095e-03
2.288629396866336728e-05
1.031349254538000033e-03
2.565545409298000137e-04
1.910989257206180056e-02
2.565545409298000137e-04
9.554091104227800668e-03
1.274220886617999891e-04
5.148194454658999719e-04
1.031349254538000033e-03
1.274220886617999891e-04
9.037561295155699739e-03
8.779296390619599835e-03
5.680117536187000334e-03
1.031349254538000033e-03
3.743130752166600166e-03
1.031349254538000033e-03
4.647057918042699597e-03
5.148194454658999719e-04
6.713177154331199589e-03
6.454912249795099685e-03
6.196647345259100395e-03
5.938382440722999624e-03
2.064408872682200156e-03
7.730843500019000209e-04
1.031349254538000033e-03
5.148194454658999719e-04
1.289614159073999974e-03
1.031349254538000033e-03
5.148194454658999719e-04
1.289614159073999974e-03
2.565545409298000137e-04
5.148194454658999719e-04
2.565545409298000137e-04
5.148194454658999719e-04
2.565545409298000137e-04
5.148194454658999719e-04
2.565545409298000137e-04
1.289614159073999974e-03
2.565545409298000137e-04
1.031349254538000033e-03
1.289614159073999974e-03
1.704662394177999883e-04
2.565545409298000137e-04
6.439518977339000506e-04
8.591726515138999650e-04
7.730843500019000209e-04
2.580938681754299784e-03
1.704662394177999883e-04
2.565545409298000137e-04
6.439518977339000506e-04
8.591726515138999650e-04
1.704662394177999883e-04
5.148194454658999719e-04
6.439518977339000506e-04
2.580938681754299784e-03
1.274220886617999891e-04
1.704662394177999883e-04
3.426428424418000119e-04
2.565545409298000137e-04
1.274220886617999891e-04
1.704662394177999883e-04
8.591726515138999650e-04
2.565545409298000137e-04
6.439518977339000506e-04
8.591726515138999650e-04
5.148194454658999719e-04
2.565545409298000137e-04
5.148194454658999719e-04
1.704662394177999883e-04
5.148194454658999719e-04
1.274220886617999891e-04
5.148194454658999719e-04
8.591726515138999650e-04
2.565545409298000137e-04
5.148194454658999719e-04
1.806143968146100036e-03
5.148194454658999719e-04
1.031349254538000033e-03
1.704662394177999883e-04
1.031349254538000033e-03
5.148194454658999719e-04
2.565545409298000137e-04
1.031349254538000033e-03
5.148194454658999719e-04
2.565545409298000137e-04
5.148194454658999719e-04
1.704662394177999883e-04
1.031349254538000033e-03
5.148194454658999719e-04
1.031349254538000033e-03
5.148194454658999719e-04
1.274220886617999891e-04
5.148194454658999719e-04
1.031349254538000033e-03
5.148194454658999719e-04
1.031349254538000033e-03
5.148194454658999719e-04
1.547879063610100095e-03
2.064408872682200156e-03
1.031349254538000033e-03
5.148194454658999719e-04
1.031349254538000033e-03
5.148194454658999719e-04
1.031349254538000033e-03
2.565545409298000137e-04
5.148194454658999719e-04
1.547879063610100095e-03
1.031349254538000033e-03
1.547879063610100095e-03
1.458695818429000006e-04
5.148194454658999719e-04
2.565545409298000137e-04
5.148194454658999719e-04
1.031349254538000033e-03
5.148194454658999719e-04
1.031349254538000033e-03
5.148194454658999719e-04
5.165127054360479919e-02
1.031349254538000033e-03
3.097468490826399846e-03
5.148194454658999719e-04
7.730843500019000209e-04
1.015955982081999951e-04
1.704662394177999883e-04
2.565545409298000137e-04
5.148194454658999719e-04
1.031349254538000033e-03
1.547879063610100095e-03
1.031349254538000033e-03
5.148194454658999719e-04
1.031349254538000033e-03
5.568183740181324720e-05
1.704662394177999883e-04
5.148194454658999719e-04
2.565545409298000137e-04
5.148194454658999719e-04
1.031349254538000033e-03
5.148194454658999719e-04
1.031349254538000033e-03
5.148194454658999719e-04
1.031349254538000033e-03
2.565545409298000137e-04
1.704662394177999883e-04
1.031349254538000033e-03
2.064408872682200156e-03
5.148194454658999719e-04
1.015955982081999951e-04
5.148194454658999719e-04
7.207960911838820072e-05
5.148194454658999719e-04
7.207960911838820072e-05
1.031349254538000033e-03
7.207960911838820072e-05
5.148194454658999719e-04
3.426428424418000119e-04
5.148194454658999719e-04
1.031349254538000033e-03
5.148194454658999719e-04
1.031349254538000033e-03
1.547879063610100095e-03
5.148194454658999719e-04
1.031349254538000033e-03
5.148194454658999719e-04
1.031349254538000033e-03
5.148194454658999719e-04
1.031349254538000033e-03
5.148194454658999719e-04
3.426428424418000119e-04
5.148194454658999719e-04
1.547879063610100095e-03
5.148194454658999719e-04
2.565545409298000137e-04
5.148194454658999719e-04
3.856869931977999840e-04
7.730843500019000209e-04
5.148194454658999719e-04
2.565545409298000137e-04
3.097468490826399846e-03
5.148194454658999719e-04
2.565545409298000137e-04
5.148194454658999719e-04
7.730843500019000209e-04
3.856869931977999840e-04
2.565545409298000137e-04
3.856869931977999840e-04
2.565545409298000137e-04
7.730843500019000209e-04
5.148194454658999719e-04
1.031349254538000033e-03
5.148194454658999719e-04
3.426428424418000119e-04
1.031349254538000033e-03
3.426428424418000119e-04
1.274220886617999891e-04
5.148194454658999719e-04
1.274220886617999891e-04
2.565545409298000137e-04
5.148194454658999719e-04
1.031349254538000033e-03
5.148194454658999719e-04
8.591726515138999650e-04
1.704662394177999883e-04
7.207960911838820072e-05
1.031349254538000033e-03
5.148194454658999719e-04
7.730843500019000209e-04
2.565545409298000137e-04
3.856869931977999840e-04
1.274220886617999891e-04
3.856869931977999840e-04
5.148194454658999719e-04
2.565545409298000137e-04
7.207960911838820072e-05
1.031349254538000033e-03
5.148194454658999719e-04
7.730843500019000209e-04
1.031349254538000033e-03
2.565545409298000137e-04
3.426428424418000119e-04
5.148194454658999719e-04
1.031349254538000033e-03
5.148194454658999719e-04
7.730843500019000209e-04
1.031349254538000033e-03
5.148194454658999719e-04
1.015955982081999951e-04
7.207960911838820072e-05
5.148194454658999719e-04
2.565545409298000137e-04
5.148194454658999719e-04
1.031349254538000033e-03
2.565545409298000137e-04
5.148194454658999719e-04
3.856869931977999840e-04
2.565545409298000137e-04
3.856869931977999840e-04
5.148194454658999719e-04
7.730843500019000209e-04
5.148194454658999719e-04
2.565545409298000137e-04
1.274220886617999891e-04
2.565545409298000137e-04
5.148194454658999719e-04
3.856869931977999840e-04
5.148194454658999719e-04
3.856869931977999840e-04
2.565545409298000137e-04
5.148194454658999719e-04
2.565545409298000137e-04
5.148194454658999719e-04
1.031349254538000033e-03
3.426428424418000119e-04
5.148194454658999719e-04
1.031349254538000033e-03
5.148194454658999719e-04
7.730843500019000209e-04
1.031349254538000033e-03
5.148194454658999719e-04
2.565545409298000137e-04
5.148194454658999719e-04
1.704662394177999883e-04
5.148194454658999719e-04
7.730843500019000209e-04
2.565545409298000137e-04
5.148194454658999719e-04
8.437793790581939722e-05
5.148194454658999719e-04
2.565545409298000137e-04
5.148194454658999719e-04
2.565545409298000137e-04
5.148194454658999719e-04
7.730843500019000209e-04
5.148194454658999719e-04
2.565545409298000137e-04
7.730843500019000209e-04
5.148194454658999719e-04
2.565545409298000137e-04
5.148194454658999719e-04
4.647057918042699597e-03
1.031349254538000033e-03
1.289614159073999974e-03
1.031349254538000033e-03
2.565545409298000137e-04
5.148194454658999719e-04
7.730843500019000209e-04
1.031349254538000033e-03
1.547879063610100095e-03
5.148194454658999719e-04
1.031349254538000033e-03
5.148194454658999719e-04
7.730843500019000209e-04
6.869960484898999685e-04
7.730843500019000209e-04
2.049015600225999984e-04
5.165127054360479919e-02
5.148194454658999719e-04
7.730843500019000209e-04
5.148194454658999719e-04
1.031349254538000033e-03
5.148194454658999719e-04
2.565545409298000137e-04
5.148194454658999719e-04
2.565545409298000137e-04
1.547879063610100095e-03
1.289614159073999974e-03
1.015955982081999951e-04
7.730843500019000209e-04
1.547879063610100095e-03
5.148194454658999719e-04
2.565545409298000137e-04
5.148194454658999719e-04
2.565545409298000137e-04
5.148194454658999719e-04
8.437793790581939722e-05
5.148194454658999719e-04
1.031349254538000033e-03
2.565545409298000137e-04
5.148194454658999719e-04
2.565545409298000137e-04
5.148194454658999719e-04
1.031349254538000033e-03
2.565545409298000137e-04
1.704662394177999883e-04
5.148194454658999719e-04
1.031349254538000033e-03
5.148194454658999719e-04
2.049015600225999984e-04
5.148194454658999719e-04
2.565545409298000137e-04
5.148194454658999719e-04
1.031349254538000033e-03
5.148194454658999719e-04
2.565545409298000137e-04
5.148194454658999719e-04
4.130528108970600402e-03
2.064408872682200156e-03
3.856869931977999840e-04
2.565545409298000137e-04
3.856869931977999840e-04
2.565545409298000137e-04
5.148194454658999719e-04
5.165127054360479919e-02
2.565545409298000137e-04
3.426428424418000119e-04
5.165127054360479919e-02
5.148194454658999719e-04
7.730843500019000209e-04
5.148194454658999719e-04
2.565545409298000137e-04
3.426428424418000119e-04
5.148194454658999719e-04
2.565545409298000137e-04
7.730843500019000209e-04
1.031349254538000033e-03
7.730843500019000209e-04
5.148194454658999719e-04
2.565545409298000137e-04
1.031349254538000033e-03
5.148194454658999719e-04
1.547879063610100095e-03
1.031349254538000033e-03
2.565545409298000137e-04
4.130528108970600402e-03
2.064408872682200156e-03
2.565545409298000137e-04
2.064408872682200156e-03
3.613998299898499907e-03
5.148194454658999719e-04
2.580938681754299784e-03
7.730843500019000209e-04
2.565545409298000137e-04
1.031349254538000033e-03
5.148194454658999719e-04
2.064408872682200156e-03
1.031349254538000033e-03
5.148194454658999719e-04
2.580938681754299784e-03
1.031349254538000033e-03
5.148194454658999719e-04
1.031349254538000033e-03
5.148194454658999719e-04
7.730843500019000209e-04
5.148194454658999719e-04
2.565545409298000137e-04
1.274220886617999891e-04
2.565545409298000137e-04
3.856869931977999840e-04
1.031349254538000033e-03
2.565545409298000137e-04
1.704662394177999883e-04
2.565545409298000137e-04
1.704662394177999883e-04
1.031349254538000033e-03
1.547879063610100095e-03
7.730843500019000209e-04
2.565545409298000137e-04
1.015955982081999951e-04
1.704662394177999883e-04
1.015955982081999951e-04
5.148194454658999719e-04
1.274220886617999891e-04
7.730843500019000209e-04
1.031349254538000033e-03
5.148194454658999719e-04
1.031349254538000033e-03
5.148194454658999719e-04
3.426428424418000119e-04
1.289614159073999974e-03
1.031349254538000033e-03
1.289614159073999974e-03
1.031349254538000033e-03
5.148194454658999719e-04
3.426428424418000119e-04
5.148194454658999719e-04
1.031349254538000033e-03
3.856869931977999840e-04
1.031349254538000033e-03
5.148194454658999719e-04
1.031349254538000033e-03
1.547879063610100095e-03
1.704662394177999883e-04
5.148194454658999719e-04
2.565545409298000137e-04
5.148194454658999719e-04
7.730843500019000209e-04
1.031349254538000033e-03
1.289614159073999974e-03
1.547879063610100095e-03
1.031349254538000033e-03
5.148194454658999719e-04
2.565545409298000137e-04
5.148194454658999719e-04
1.031349254538000033e-03
5.148194454658999719e-04
7.730843500019000209e-04
5.148194454658999719e-04
3.426428424418000119e-04
5.148194454658999719e-04
2.565545409298000137e-04
5.148194454658999719e-04
1.704662394177999883e-04
1.274220886617999891e-04
5.148194454658999719e-04
1.031349254538000033e-03
5.148194454658999719e-04
7.730843500019000209e-04
5.148194454658999719e-04
2.565545409298000137e-04
5.148194454658999719e-04
2.565545409298000137e-04
5.148194454658999719e-04
1.704662394177999883e-04
2.565545409298000137e-04
1.031349254538000033e-03
5.148194454658999719e-04
2.565545409298000137e-04
5.148194454658999719e-04
1.031349254538000033e-03
5.148194454658999719e-04
1.704662394177999883e-04
5.148194454658999719e-04
2.580938681754299784e-03
1.704662394177999883e-04
2.565545409298000137e-04
5.148194454658999719e-04
2.565545409298000137e-04
1.704662394177999883e-04
1.031349254538000033e-03
5.148194454658999719e-04
1.031349254538000033e-03
1.547879063610100095e-03
2.064408872682200156e-03
2.565545409298000137e-04
2.580938681754299784e-03
3.426428424418000119e-04
1.031349254538000033e-03
1.547879063610100095e-03
1.031349254538000033e-03
5.148194454658999719e-04
1.031349254538000033e-03
3.426428424418000119e-04
1.031349254538000033e-03
5.148194454658999719e-04
6.869960484898999685e-04
8.591726515138999650e-04
5.148194454658999719e-04
1.031349254538000033e-03
1.547879063610100095e-03
1.031349254538000033e-03
2.064408872682200156e-03
5.148194454658999719e-04
1.031349254538000033e-03
3.426428424418000119e-04
2.565545409298000137e-04
1.031349254538000033e-03
2.565545409298000137e-04
5.148194454658999719e-04
7.730843500019000209e-04
5.148194454658999719e-04
6.869960484898999685e-04
2.565545409298000137e-04
5.148194454658999719e-04
3.426428424418000119e-04
5.148194454658999719e-04
5.165127054360479919e-02
2.565545409298000137e-04
1.704662394177999883e-04
3.426428424418000119e-04
5.165127054360479919e-02
2.565545409298000137e-04
1.031349254538000033e-03
5.148194454658999719e-04
2.565545409298000137e-04
3.426428424418000119e-04
6.181254072802999482e-04
1.031349254538000033e-03
5.148194454658999719e-04
3.426428424418000119e-04
2.064408872682200156e-03
5.148194454658999719e-04
1.031349254538000033e-03
3.426428424418000119e-04
5.148194454658999719e-04
3.856869931977999840e-04
5.148194454658999719e-04
2.565545409298000137e-04
5.148194454658999719e-04
2.565545409298000137e-04
5.148194454658999719e-04
1.015955982081999951e-04
2.049015600225999984e-04
1.031349254538000033e-03
1.015955982081999951e-04
2.049015600225999984e-04
5.148194454658999719e-04
1.031349254538000033e-03
3.082075218370000018e-04
1.031349254538000033e-03
3.426428424418000119e-04
1.031349254538000033e-03
5.148194454658999719e-04
1.547879063610100095e-03
1.031349254538000033e-03
2.565545409298000137e-04
1.031349254538000033e-03
5.148194454658999719e-04
3.856869931977999840e-04
5.148194454658999719e-04
6.869960484898999685e-04
5.148194454658999719e-04
6.869960484898999685e-04
7.207960911838820072e-05
1.031349254538000033e-03
1.458695818429000006e-04
5.148194454658999719e-04
1.031349254538000033e-03
3.426428424418000119e-04
5.148194454658999719e-04
1.547879063610100095e-03
7.207960911838820072e-05
5.148194454658999719e-04
6.869960484898999685e-04
2.196595545675000003e-04
1.031349254538000033e-03
1.547879063610100095e-03
5.148194454658999719e-04
1.031349254538000033e-03
5.148194454658999719e-04
2.565545409298000137e-04
5.148194454658999719e-04
2.565545409298000137e-04
1.031349254538000033e-03
1.547879063610100095e-03
5.148194454658999719e-04
1.031349254538000033e-03
5.165127054360479919e-02
1.547879063610100095e-03
5.165127054360479919e-02
1.031349254538000033e-03
5.148194454658999719e-04
1.031349254538000033e-03
5.148194454658999719e-04
7.730843500019000209e-04
1.031349254538000033e-03
5.148194454658999719e-04
2.580938681754299784e-03
7.730843500019000209e-04
5.148194454658999719e-04
1.547879063610100095e-03
5.148194454658999719e-04
5.165127054360479919e-02
1.031349254538000033e-03
5.165127054360479919e-02
1.031349254538000033e-03
5.148194454658999719e-04
5.680117536187000334e-03
5.148194454658999719e-04
2.565545409298000137e-04
7.207960911838820072e-05
5.148194454658999719e-04
1.547879063610100095e-03
4.287311439538000102e-04
2.565545409298000137e-04
7.730843500019000209e-04
2.565545409298000137e-04
7.730843500019000209e-04
1.547879063610100095e-03
2.565545409298000137e-04
5.148194454658999719e-04
1.031349254538000033e-03
1.289614159073999974e-03
1.031349254538000033e-03
5.148194454658999719e-04
5.165127054360479919e-02
5.148194454658999719e-04
1.031349254538000033e-03
5.148194454658999719e-04
3.672395000167000267e-04
5.148194454658999719e-04
2.565545409298000137e-04
3.426428424418000119e-04
2.565545409298000137e-04
3.426428424418000119e-04
1.031349254538000033e-03
5.148194454658999719e-04
3.097468490826399846e-03
1.031349254538000033e-03
5.148194454658999719e-04
1.031349254538000033e-03
1.547879063610100095e-03
1.031349254538000033e-03
2.565545409298000137e-04
1.031349254538000033e-03
5.148194454658999719e-04
2.580938681754299784e-03
5.148194454658999719e-04
1.031349254538000033e-03
5.148194454658999719e-04
2.565545409298000137e-04
5.148194454658999719e-04
7.730843500019000209e-04
5.148194454658999719e-04
1.704662394177999883e-04
2.565545409298000137e-04
5.148194454658999719e-04
2.565545409298000137e-04
5.148194454658999719e-04
1.031349254538000033e-03
1.704662394177999883e-04
1.547879063610100095e-03
5.148194454658999719e-04
3.426428424418000119e-04
5.148194454658999719e-04
2.565545409298000137e-04
1.031349254538000033e-03
2.565545409298000137e-04
5.148194454658999719e-04
1.031349254538000033e-03
5.148194454658999719e-04
2.565545409298000137e-04
5.148194454658999719e-04
3.426428424418000119e-04
2.565545409298000137e-04
1.031349254538000033e-03
2.565545409298000137e-04
1.704662394177999883e-04
3.426428424418000119e-04
5.148194454658999719e-04
1.031349254538000033e-03
1.547879063610100095e-03
5.148194454658999719e-04
1.704662394177999883e-04
1.547879063610100095e-03
1.031349254538000033e-03
2.565545409298000137e-04
1.031349254538000033e-03
3.426428424418000119e-04
1.031349254538000033e-03
5.148194454658999719e-04
1.031349254538000033e-03
1.274220886617999891e-04
5.148194454658999719e-04
1.274220886617999891e-04
1.031349254538000033e-03
1.274220886617999891e-04
2.565545409298000137e-04
5.148194454658999719e-04
2.565545409298000137e-04
5.148194454658999719e-04
1.031349254538000033e-03
5.148194454658999719e-04
1.031349254538000033e-03
2.565545409298000137e-04
5.148194454658999719e-04
7.730843500019000209e-04
2.565545409298000137e-04
1.031349254538000033e-03
5.148194454658999719e-04
2.565545409298000137e-04
1.031349254538000033e-03
5.148194454658999719e-04
2.565545409298000137e-04
1.547879063610100095e-03
1.031349254538000033e-03
5.148194454658999719e-04
2.565545409298000137e-04
5.148194454658999719e-04
1.031349254538000033e-03
5.148194454658999719e-04
7.730843500019000209e-04
1.547879063610100095e-03
7.730843500019000209e-04
5.165127054360479919e-02
1.031349254538000033e-03
1.547879063610100095e-03
5.148194454658999719e-04
2.565545409298000137e-04
1.031349254538000033e-03
5.148194454658999719e-04
7.730843500019000209e-04
1.031349254538000033e-03
5.165127054360479919e-02
1.031349254538000033e-03
5.148194454658999719e-04
3.426428424418000119e-04
2.565545409298000137e-04
1.704662394177999883e-04
3.426428424418000119e-04
1.704662394177999883e-04
5.148194454658999719e-04
1.274220886617999891e-04
5.148194454658999719e-04
1.031349254538000033e-03
5.148194454658999719e-04
1.031349254538000033e-03
5.148194454658999719e-04
2.565545409298000137e-04
1.031349254538000033e-03
1.274220886617999891e-04
1.031349254538000033e-03
5.148194454658999719e-04
1.031349254538000033e-03
5.148194454658999719e-04
1.274220886617999891e-04
5.148194454658999719e-04
2.565545409298000137e-04
1.031349254538000033e-03
5.148194454658999719e-04
7.730843500019000209e-04
5.148194454658999719e-04
2.565545409298000137e-04
3.426428424418000119e-04
5.148194454658999719e-04
1.274220886617999891e-04
1.704662394177999883e-04
5.905784922581397233e-05
5.568183740181324720e-05
7.730843500019000209e-04
3.426428424418000119e-04
1.547879063610100095e-03
5.148194454658999719e-04
1.031349254538000033e-03
5.148194454658999719e-04
5.568183740181324720e-05
5.148194454658999719e-04
5.568183740181324720e-05
5.148194454658999719e-04
2.565545409298000137e-04
5.148194454658999719e-04
2.565545409298000137e-04
5.148194454658999719e-04
2.049015600225999984e-04
2.565545409298000137e-04
1.704662394177999883e-04
2.049015600225999984e-04
2.565545409298000137e-04
1.031349254538000033e-03
5.148194454658999719e-04
5.905784922581397233e-05
5.148194454658999719e-04
1.274220886617999891e-04
2.565545409298000137e-04
5.148194454658999719e-04
1.031349254538000033e-03
2.565545409298000137e-04
1.031349254538000033e-03
5.905784922581397233e-05
3.426428424418000119e-04
2.565545409298000137e-04
5.905784922581397233e-05
5.148194454658999719e-04
1.031349254538000033e-03
5.148194454658999719e-04
5.680117536187000334e-03
5.148194454658999719e-04
3.097468490826399846e-03
5.148194454658999719e-04
5.905784922581397233e-05
7.730843500019000209e-04
5.148194454658999719e-04
5.905784922581397233e-05
5.148194454658999719e-04
5.165127054360479919e-02
5.148194454658999719e-04
1.031349254538000033e-03
5.148194454658999719e-04
2.064408872682200156e-03
5.148194454658999719e-04
2.565545409298000137e-04
5.148194454658999719e-04
1.031349254538000033e-03
5.148194454658999719e-04
1.031349254538000033e-03
5.148194454658999719e-04
1.031349254538000033e-03
5.148194454658999719e-04
1.031349254538000033e-03
7.730843500019000209e-04
3.426428424418000119e-04
7.730843500019000209e-04
5.148194454658999719e-04
1.031349254538000033e-03
2.565545409298000137e-04
5.148194454658999719e-04
3.426428424418000119e-04
2.565545409298000137e-04
2.064408872682200156e-03
2.580938681754299784e-03
2.565545409298000137e-04
5.148194454658999719e-04
1.704662394177999883e-04
5.148194454658999719e-04
3.391238184704996800e-05
1.704662394177999883e-04
5.148194454658999719e-04
3.391238184704996800e-05
2.565545409298000137e-04
1.031349254538000033e-03
5.148194454658999719e-04
1.274220886617999891e-04
1.031349254538000033e-03
5.148194454658999719e-04
3.391238184704996800e-05
5.148194454658999719e-04
1.610100912042546436e-05
5.148194454658999719e-04
2.064408872682200156e-03
1.031349254538000033e-03
2.064408872682200156e-03
1.547879063610100095e-03
1.031349254538000033e-03
1.547879063610100095e-03
1.031349254538000033e-03
1.547879063610100095e-03
5.148194454658999719e-04
1.031349254538000033e-03
1.547879063610100095e-03
1.031349254538000033e-03
5.148194454658999719e-04
3.426428424418000119e-04
2.565545409298000137e-04
5.148194454658999719e-04
2.565545409298000137e-04
5.148194454658999719e-04
2.565545409298000137e-04
5.148194454658999719e-04
7.730843500019000209e-04
5.148194454658999719e-04
1.031349254538000033e-03
5.148194454658999719e-04
7.730843500019000209e-04
5.148194454658999719e-04
3.426428424418000119e-04
2.565545409298000137e-04
5.148194454658999719e-04
7.730843500019000209e-04
2.565545409298000137e-04
7.730843500019000209e-04
2.064408872682200156e-03
5.148194454658999719e-04
3.426428424418000119e-04
5.148194454658999719e-04
1.031349254538000033e-03
5.148194454658999719e-04
1.031349254538000033e-03
2.565545409298000137e-04
5.148194454658999719e-04
1.547879063610100095e-03
5.148194454658999719e-04
1.704662394177999883e-04
1.031349254538000033e-03
5.148194454658999719e-04
3.426428424418000119e-04
5.148194454658999719e-04
1.547879063610100095e-03
2.064408872682200156e-03
3.426428424418000119e-04
5.148194454658999719e-04
1.031349254538000033e-03
5.148194454658999719e-04
1.547879063610100095e-03
2.565545409298000137e-04
2.064408872682200156e-03
2.565545409298000137e-04
5.148194454658999719e-04
1.031349254538000033e-03
2.565545409298000137e-04
1.704662394177999883e-04
2.565545409298000137e-04
1.704662394177999883e-04
5.148194454658999719e-04
7.730843500019000209e-04
5.148194454658999719e-04
7.730843500019000209e-04
2.565545409298000137e-04
3.426428424418000119e-04
5.148194454658999719e-04
7.730843500019000209e-04
2.565545409298000137e-04
1.031349254538000033e-03
5.148194454658999719e-04
1.031349254538000033e-03
5.148194454658999719e-04
1.031349254538000033e-03
1.547879063610100095e-03
2.064408872682200156e-03
1.547879063610100095e-03
5.148194454658999719e-04
1.015955982081999951e-04
1.031349254538000033e-03
1.015955982081999951e-04
5.148194454658999719e-04
1.031349254538000033e-03
5.148194454658999719e-04
1.031349254538000033e-03
5.148194454658999719e-04
1.031349254538000033e-03
1.130740384097999939e-04
1.031349254538000033e-03
2.565545409298000137e-04
1.130740384097999939e-04
1.031349254538000033e-03
5.148194454658999719e-04
1.130740384097999939e-04
1.031349254538000033e-03
7.730843500019000209e-04
5.148194454658999719e-04
1.031349254538000033e-03
5.148194454658999719e-04
2.565545409298000137e-04
5.148194454658999719e-04
1.031349254538000033e-03
1.015955982081999951e-04
7.730843500019000209e-04
5.148194454658999719e-04
2.049015600225999984e-04
2.565545409298000137e-04
5.148194454658999719e-04
9.220414713418471886e-05
5.148194454658999719e-04
2.565545409298000137e-04
1.031349254538000033e-03
5.148194454658999719e-04
1.031349254538000033e-03
1.289614159073999974e-03
1.031349254538000033e-03
5.148194454658999719e-04
2.565545409298000137e-04
5.148194454658999719e-04
2.565545409298000137e-04
5.148194454658999719e-04
1.031349254538000033e-03
5.148194454658999719e-04
1.031349254538000033e-03
1.704662394177999883e-04
5.148194454658999719e-04
2.565545409298000137e-04
1.547879063610100095e-03
5.148194454658999719e-04
1.031349254538000033e-03
2.565545409298000137e-04
5.148194454658999719e-04
2.565545409298000137e-04
3.856869931977999840e-04
5.148194454658999719e-04
2.565545409298000137e-04
1.031349254538000033e-03
5.148194454658999719e-04
7.730843500019000209e-04
2.565545409298000137e-04
1.031349254538000033e-03
2.565545409298000137e-04
5.148194454658999719e-04
1.031349254538000033e-03
1.547879063610100095e-03
1.031349254538000033e-03
5.148194454658999719e-04
2.565545409298000137e-04
5.148194454658999719e-04
1.704662394177999883e-04
2.565545409298000137e-04
5.148194454658999719e-04
2.565545409298000137e-04
1.031349254538000033e-03
5.148194454658999719e-04
1.031349254538000033e-03
1.704662394177999883e-04
5.148194454658999719e-04
1.031349254538000033e-03
2.565545409298000137e-04
1.031349254538000033e-03
5.148194454658999719e-04
7.730843500019000209e-04
5.148194454658999719e-04
2.565545409298000137e-04
3.426428424418000119e-04
5.148194454658999719e-04
1.015955982081999951e-04
2.565545409298000137e-04
5.148194454658999719e-04
1.031349254538000033e-03
5.148194454658999719e-04
1.547879063610100095e-03
5.148194454658999719e-04
1.547879063610100095e-03
3.426428424418000119e-04
1.031349254538000033e-03
2.064408872682200156e-03
5.148194454658999719e-04
1.031349254538000033e-03
1.015955982081999951e-04
1.031349254538000033e-03
2.565545409298000137e-04
5.148194454658999719e-04
3.426428424418000119e-04
2.565545409298000137e-04
1.704662394177999883e-04
5.148194454658999719e-04
2.565545409298000137e-04
7.730843500019000209e-04
5.148194454658999719e-04
3.426428424418000119e-04
1.704662394177999883e-04
5.148194454658999719e-04
7.730843500019000209e-04
2.565545409298000137e-04
1.031349254538000033e-03
5.148194454658999719e-04
1.031349254538000033e-03
1.547879063610100095e-03
1.031349254538000033e-03
1.015955982081999951e-04
1.031349254538000033e-03
5.148194454658999719e-04
3.426428424418000119e-04
5.148194454658999719e-04
1.031349254538000033e-03
5.148194454658999719e-04
2.565545409298000137e-04
3.426428424418000119e-04
5.148194454658999719e-04
1.704662394177999883e-04
1.031349254538000033e-03
5.148194454658999719e-04
1.031349254538000033e-03
5.148194454658999719e-04
1.031349254538000033e-03
5.148194454658999719e-04
2.565545409298000137e-04
5.148194454658999719e-04
7.730843500019000209e-04
2.565545409298000137e-04
5.148194454658999719e-04
1.031349254538000033e-03
5.148194454658999719e-04
1.031349254538000033e-03
5.148194454658999719e-04
3.426428424418000119e-04
1.031349254538000033e-03
2.565545409298000137e-04
5.148194454658999719e-04
1.031349254538000033e-03
5.148194454658999719e-04
2.565545409298000137e-04
5.148194454658999719e-04
2.565545409298000137e-04
5.148194454658999719e-04
1.031349254538000033e-03
5.148194454658999719e-04
2.565545409298000137e-04
1.031349254538000033e-03
5.148194454658999719e-04
3.518462275609457056e-05
3.802269863011716635e-05
3.961202111956981051e-05
4.133378714981017558e-05
4.320527196528884181e-05
4.748295154352578061e-05
4.994261730101202804e-05
5.568183740181324720e-05
5.905784922581397233e-05
1.547879063610100095e-03
6.285586252781478979e-05
1.031349254538000033e-03
2.565545409298000137e-04
6.285586252781478979e-05
5.148194454658999719e-04
6.285586252781478979e-05
8.437793790581939722e-05
5.148194454658999719e-04
3.426428424418000119e-04
5.148194454658999719e-04
1.031349254538000033e-03
5.148194454658999719e-04
2.565545409298000137e-04
5.148194454658999719e-04
2.565545409298000137e-04
1.704662394177999883e-04
2.565545409298000137e-04
5.148194454658999719e-04
2.565545409298000137e-04
5.148194454658999719e-04
1.031349254538000033e-03
5.148194454658999719e-04
2.565545409298000137e-04
1.031349254538000033e-03
5.148194454658999719e-04
5.165127054360479919e-02
5.148194454658999719e-04
1.015955982081999951e-04
1.547879063610100095e-03
2.565545409298000137e-04
1.031349254538000033e-03
5.148194454658999719e-04
7.730843500019000209e-04
1.031349254538000033e-03
2.565545409298000137e-04
1.031349254538000033e-03
5.148194454658999719e-04
2.565545409298000137e-04
5.148194454658999719e-04
2.565545409298000137e-04
5.148194454658999719e-04
2.565545409298000137e-04
5.148194454658999719e-04
2.565545409298000137e-04
1.031349254538000033e-03
5.148194454658999719e-04
2.565545409298000137e-04
5.148194454658999719e-04
2.565545409298000137e-04
3.426428424418000119e-04
3.856869931977999840e-04
1.031349254538000033e-03
5.148194454658999719e-04
7.730843500019000209e-04
1.274220886617999891e-04
1.031349254538000033e-03
2.565545409298000137e-04
1.031349254538000033e-03
5.148194454658999719e-04
1.274220886617999891e-04
2.565545409298000137e-04
3.097468490826399846e-03
1.031349254538000033e-03
3.426428424418000119e-04
1.031349254538000033e-03
5.148194454658999719e-04
1.031349254538000033e-03
1.289614159073999974e-03
2.565545409298000137e-04
1.031349254538000033e-03
5.148194454658999719e-04
3.426428424418000119e-04
1.031349254538000033e-03
5.148194454658999719e-04
6.869960484898999685e-04
2.565545409298000137e-04
5.148194454658999719e-04
1.547879063610100095e-03
5.148194454658999719e-04
2.565545409298000137e-04
1.031349254538000033e-03
5.148194454658999719e-04
2.565545409298000137e-04
2.049015600225999984e-04
5.148194454658999719e-04
1.704662394177999883e-04
5.165127054360479919e-02
7.730843500019000209e-04
2.565545409298000137e-04
1.031349254538000033e-03
5.148194454658999719e-04
3.426428424418000119e-04
5.148194454658999719e-04
2.565545409298000137e-04
5.148194454658999719e-04
1.031349254538000033e-03
7.730843500019000209e-04
5.148194454658999719e-04
7.730843500019000209e-04
5.148194454658999719e-04
2.565545409298000137e-04
1.704662394177999883e-04
5.148194454658999719e-04
7.730843500019000209e-04
2.565545409298000137e-04
1.289614159073999974e-03
1.031349254538000033e-03
5.148194454658999719e-04
1.704662394177999883e-04
5.148194454658999719e-04
1.031349254538000033e-03
1.704662394177999883e-04
2.565545409298000137e-04
5.148194454658999719e-04
2.565545409298000137e-04
5.148194454658999719e-04
2.565545409298000137e-04
3.613998299898499907e-03
5.148194454658999719e-04
1.203525857561999922e-03
1.031349254538000033e-03
1.015955982081999951e-04
1.274220886617999891e-04
4.647057918042699597e-03
2.565545409298000137e-04
3.426428424418000119e-04
5.148194454658999719e-04
2.565545409298000137e-04
5.148194454658999719e-04
1.031349254538000033e-03
7.730843500019000209e-04
2.565545409298000137e-04
1.015955982081999951e-04
7.730843500019000209e-04
5.148194454658999719e-04
2.565545409298000137e-04
1.704662394177999883e-04
2.565545409298000137e-04
3.856869931977999840e-04
1.704662394177999883e-04
2.565545409298000137e-04
5.148194454658999719e-04
2.565545409298000137e-04
5.148194454658999719e-04
1.704662394177999883e-04
2.565545409298000137e-04
1.031349254538000033e-03
3.856869931977999840e-04
1.031349254538000033e-03
2.565545409298000137e-04
5.148194454658999719e-04
1.704662394177999883e-04
2.565545409298000137e-04
7.730843500019000209e-04
2.565545409298000137e-04
7.730843500019000209e-04
1.031349254538000033e-03
5.148194454658999719e-04
1.289614159073999974e-03
2.565545409298000137e-04
1.704662394177999883e-04
5.148194454658999719e-04
2.565545409298000137e-04
5.148194454658999719e-04
1.015955982081999951e-04
8.437793790581939722e-05
5.148194454658999719e-04
1.704662394177999883e-04
2.565545409298000137e-04
1.031349254538000033e-03
7.730843500019000209e-04
2.565545409298000137e-04
3.426428424418000119e-04
1.547879063610100095e-03
2.565545409298000137e-04
3.082075218370000018e-04
1.704662394177999883e-04
5.148194454658999719e-04
1.547879063610100095e-03
5.148194454658999719e-04
2.565545409298000137e-04
3.426428424418000119e-04
5.148194454658999719e-04
7.730843500019000209e-04
1.031349254538000033e-03
5.148194454658999719e-04
1.031349254538000033e-03
7.730843500019000209e-04
5.148194454658999719e-04
1.704662394177999883e-04
3.426428424418000119e-04
5.148194454658999719e-04
3.426428424418000119e-04
7.730843500019000209e-04
1.031349254538000033e-03
1.704662394177999883e-04
1.031349254538000033e-03
7.207960911838820072e-05
5.148194454658999719e-04
2.565545409298000137e-04
5.148194454658999719e-04
2.565545409298000137e-04
1.274220886617999891e-04
1.704662394177999883e-04
5.148194454658999719e-04
2.565545409298000137e-04
5.148194454658999719e-04
2.565545409298000137e-04
5.148194454658999719e-04
2.565545409298000137e-04
5.148194454658999719e-04
1.031349254538000033e-03
5.148194454658999719e-04
1.704662394177999883e-04
2.565545409298000137e-04
7.730843500019000209e-04
2.565545409298000137e-04
5.148194454658999719e-04
7.730843500019000209e-04
5.148194454658999719e-04
2.565545409298000137e-04
7.730843500019000209e-04
5.148194454658999719e-04
7.730843500019000209e-04
2.565545409298000137e-04
1.704662394177999883e-04
2.565545409298000137e-04
1.704662394177999883e-04
5.148194454658999719e-04
1.547879063610100095e-03
7.730843500019000209e-04
5.148194454658999719e-04
1.031349254538000033e-03
1.289614159073999974e-03
2.565545409298000137e-04
1.547879063610100095e-03
1.031349254538000033e-03
7.730843500019000209e-04
2.565545409298000137e-04
5.148194454658999719e-04
7.730843500019000209e-04
1.031349254538000033e-03
5.148194454658999719e-04
1.031349254538000033e-03
5.148194454658999719e-04
1.031349254538000033e-03
1.274220886617999891e-04
1.031349254538000033e-03
5.148194454658999719e-04
2.565545409298000137e-04
5.148194454658999719e-04
1.031349254538000033e-03
5.148194454658999719e-04
2.565545409298000137e-04
7.730843500019000209e-04
1.031349254538000033e-03
2.049015600225999984e-04
5.148194454658999719e-04
2.565545409298000137e-04
5.148194454658999719e-04
2.565545409298000137e-04
5.148194454658999719e-04
1.704662394177999883e-04
2.565545409298000137e-04
1.704662394177999883e-04
5.148194454658999719e-04
1.031349254538000033e-03
1.547879063610100095e-03
2.580938681754299784e-03
1.031349254538000033e-03
5.148194454658999719e-04
7.730843500019000209e-04
1.289614159073999974e-03
5.148194454658999719e-04
2.565545409298000137e-04
5.148194454658999719e-04
1.031349254538000033e-03
5.148194454658999719e-04
7.730843500019000209e-04
2.565545409298000137e-04
1.031349254538000033e-03
2.565545409298000137e-04
5.148194454658999719e-04
2.565545409298000137e-04
1.547879063610100095e-03
1.031349254538000033e-03
5.148194454658999719e-04
1.547879063610100095e-03
5.148194454658999719e-04
1.289614159073999974e-03
2.565545409298000137e-04
5.148194454658999719e-04
7.730843500019000209e-04
1.547879063610100095e-03
1.289614159073999974e-03
5.148194454658999719e-04
2.565545409298000137e-04
7.730843500019000209e-04
5.148194454658999719e-04
3.426428424418000119e-04
2.565545409298000137e-04
1.031349254538000033e-03
1.547879063610100095e-03
2.565545409298000137e-04
1.031349254538000033e-03
3.426428424418000119e-04
1.704662394177999883e-04
5.148194454658999719e-04
2.565545409298000137e-04
3.426428424418000119e-04
1.704662394177999883e-04
1.031349254538000033e-03
1.547879063610100095e-03
2.565545409298000137e-04
5.148194454658999719e-04
2.565545409298000137e-04
5.148194454658999719e-04
2.565545409298000137e-04
3.426428424418000119e-04
1.031349254538000033e-03
7.730843500019000209e-04
1.031349254538000033e-03
1.704662394177999883e-04
2.565545409298000137e-04
1.274220886617999891e-04
5.148194454658999719e-04
3.856869931977999840e-04
5.148194454658999719e-04
1.704662394177999883e-04
1.274220886617999891e-04
2.565545409298000137e-04
5.148194454658999719e-04
1.274220886617999891e-04
1.031349254538000033e-03
5.148194454658999719e-04
7.730843500019000209e-04
5.148194454658999719e-04
1.031349254538000033e-03
5.148194454658999719e-04
1.547879063610100095e-03
5.148194454658999719e-04
7.730843500019000209e-04
2.565545409298000137e-04
5.148194454658999719e-04
1.031349254538000033e-03
2.565545409298000137e-04
5.148194454658999719e-04
6.869960484898999685e-04
5.148194454658999719e-04
1.031349254538000033e-03
5.148194454658999719e-04
7.730843500019000209e-04
1.031349254538000033e-03
5.148194454658999719e-04
7.730843500019000209e-04
1.031349254538000033e-03
5.148194454658999719e-04
2.064408872682200156e-03
1.031349254538000033e-03
7.730843500019000209e-04
5.148194454658999719e-04
6.285586252781478979e-05
1.031349254538000033e-03
5.148194454658999719e-04
1.031349254538000033e-03
1.458695818429000006e-04
1.704662394177999883e-04
1.031349254538000033e-03
5.148194454658999719e-04
2.064408872682200156e-03
1.031349254538000033e-03
6.869960484898999685e-04
2.565545409298000137e-04
5.148194454658999719e-04
1.031349254538000033e-03
5.148194454658999719e-04
1.547879063610100095e-03
1.031349254538000033e-03
5.148194454658999719e-04
7.730843500019000209e-04
5.148194454658999719e-04
1.704662394177999883e-04
5.148194454658999719e-04
1.547879063610100095e-03
5.148194454658999719e-04
7.730843500019000209e-04
2.565545409298000137e-04
5.148194454658999719e-04
2.565545409298000137e-04
5.148194454658999719e-04
2.565545409298000137e-04
3.426428424418000119e-04
1.031349254538000033e-03
2.565545409298000137e-04
5.148194454658999719e-04
7.730843500019000209e-04
5.148194454658999719e-04
2.565545409298000137e-04
5.148194454658999719e-04
2.565545409298000137e-04
4.905322822578800368e-03
4.647057918042699597e-03
5.148194454658999719e-04
1.274220886617999891e-04
3.269645093850500131e-03
3.097468490826399846e-03
5.148194454658999719e-04
2.565545409298000137e-04
4.647057918042699597e-03
1.274220886617999891e-04
5.148194454658999719e-04
6.869960484898999685e-04
1.031349254538000033e-03
3.856869931977999840e-04
5.148194454658999719e-04
9.812356008763900572e-03
3.856869931977999840e-04
5.148194454658999719e-04
9.295826199691700764e-03
8.262766581547500641e-03
5.148194454658999719e-04
2.064408872682200156e-03
1.031349254538000033e-03
5.148194454658999719e-04
2.064408872682200156e-03
2.565545409298000137e-04
7.730843500019000209e-04
5.148194454658999719e-04
2.565545409298000137e-04
5.148194454658999719e-04
8.262766581547500641e-03
5.148194454658999719e-04
1.704662394177999883e-04
5.148194454658999719e-04
2.565545409298000137e-04
3.426428424418000119e-04
1.704662394177999883e-04
8.437793790581939722e-05
2.565545409298000137e-04
1.031349254538000033e-03
8.437793790581939722e-05
5.148194454658999719e-04
1.031349254538000033e-03
2.565545409298000137e-04
8.437793790581939722e-05
2.565545409298000137e-04
3.426428424418000119e-04
1.704662394177999883e-04
1.031349254538000033e-03
5.148194454658999719e-04
2.565545409298000137e-04
1.274220886617999891e-04
1.704662394177999883e-04
5.148194454658999719e-04
1.015955982081999951e-04
5.148194454658999719e-04
1.031349254538000033e-03
3.426428424418000119e-04
1.031349254538000033e-03
5.148194454658999719e-04
1.704662394177999883e-04
1.274220886617999891e-04
5.165127054360479919e-02
3.856869931977999840e-04
5.148194454658999719e-04
2.565545409298000137e-04
5.148194454658999719e-04
2.565545409298000137e-04
5.148194454658999719e-04
1.031349254538000033e-03
5.148194454658999719e-04
1.031349254538000033e-03
5.148194454658999719e-04
2.565545409298000137e-04
3.426428424418000119e-04
2.565545409298000137e-04
5.148194454658999719e-04
2.565545409298000137e-04
5.148194454658999719e-04
3.426428424418000119e-04
5.148194454658999719e-04
2.565545409298000137e-04
1.031349254538000033e-03
5.148194454658999719e-04
1.031349254538000033e-03
2.565545409298000137e-04
5.148194454658999719e-04
3.426428424418000119e-04
5.148194454658999719e-04
2.565545409298000137e-04
5.148194454658999719e-04
1.031349254538000033e-03
2.565545409298000137e-04
1.031349254538000033e-03
3.426428424418000119e-04
5.148194454658999719e-04
3.426428424418000119e-04
5.148194454658999719e-04
2.565545409298000137e-04
1.031349254538000033e-03
3.426428424418000119e-04
5.148194454658999719e-04
1.031349254538000033e-03
5.148194454658999719e-04
2.565545409298000137e-04
5.148194454658999719e-04
2.565545409298000137e-04
3.426428424418000119e-04
5.148194454658999719e-04
3.426428424418000119e-04
5.148194454658999719e-04
5.165127054360479919e-02
5.148194454658999719e-04
2.565545409298000137e-04
3.426428424418000119e-04
1.274220886617999891e-04
1.015955982081999951e-04
1.274220886617999891e-04
2.565545409298000137e-04
3.426428424418000119e-04
1.031349254538000033e-03
5.148194454658999719e-04
1.031349254538000033e-03
5.148194454658999719e-04
5.165127054360479919e-02
5.148194454658999719e-04
5.165127054360479919e-02
1.015955982081999951e-04
5.148194454658999719e-04
2.049015600225999984e-04
1.015955982081999951e-04
2.565545409298000137e-04
7.730843500019000209e-04
1.031349254538000033e-03
5.148194454658999719e-04
3.426428424418000119e-04
6.869960484898999685e-04
5.148194454658999719e-04
1.704662394177999883e-04
2.925291887802400174e-03
5.148194454658999719e-04
4.388793013506700307e-03
1.274220886617999891e-04
8.779296390619599835e-03
2.565545409298000137e-04
1.031349254538000033e-03
5.148194454658999719e-04
1.289614159073999974e-03
2.925291887802400174e-03
2.565545409298000137e-04
5.148194454658999719e-04
1.031349254538000033e-03
5.148194454658999719e-04
2.925291887802400174e-03
1.031349254538000033e-03
5.148194454658999719e-04
1.031349254538000033e-03
8.779296390619599835e-03
1.547879063610100095e-03
7.730843500019000209e-04
8.779296390619599835e-03
4.130528108970600402e-03
2.839203586290400122e-03
1.203525857561999922e-03
2.565545409298000137e-04
5.148194454658999719e-04
2.565545409298000137e-04
1.704662394177999883e-04
5.148194454658999719e-04
1.031349254538000033e-03
1.289614159073999974e-03
2.565545409298000137e-04
5.148194454658999719e-04
4.130528108970600402e-03
5.148194454658999719e-04
2.565545409298000137e-04
1.704662394177999883e-04
2.565545409298000137e-04
5.148194454658999719e-04
2.565545409298000137e-04
5.148194454658999719e-04
2.565545409298000137e-04
5.148194454658999719e-04
2.565545409298000137e-04
5.148194454658999719e-04
1.704662394177999883e-04
5.148194454658999719e-04
1.015955982081999951e-04
5.148194454658999719e-04
2.565545409298000137e-04
5.148194454658999719e-04
2.565545409298000137e-04
5.148194454658999719e-04
1.031349254538000033e-03
5.148194454658999719e-04
2.565545409298000137e-04
1.704662394177999883e-04
2.565545409298000137e-04
5.148194454658999719e-04
2.565545409298000137e-04
5.148194454658999719e-04
8.437793790581939722e-05
5.148194454658999719e-04
2.565545409298000137e-04
7.207960911838820072e-05
2.565545409298000137e-04
1.704662394177999883e-04
5.148194454658999719e-04
1.704662394177999883e-04
5.148194454658999719e-04
2.565545409298000137e-04
5.148194454658999719e-04
2.565545409298000137e-04
5.148194454658999719e-04
2.565545409298000137e-04
5.148194454658999719e-04
1.274220886617999891e-04
5.148194454658999719e-04
2.565545409298000137e-04
1.704662394177999883e-04
1.274220886617999891e-04
1.015955982081999951e-04
5.148194454658999719e-04
1.274220886617999891e-04
2.565545409298000137e-04
1.704662394177999883e-04
2.565545409298000137e-04
5.148194454658999719e-04
2.565545409298000137e-04
1.031349254538000033e-03
5.148194454658999719e-04
2.565545409298000137e-04
5.148194454658999719e-04
1.031349254538000033e-03
2.565545409298000137e-04
5.148194454658999719e-04
2.565545409298000137e-04
5.148194454658999719e-04
2.565545409298000137e-04
5.148194454658999719e-04
1.031349254538000033e-03
2.565545409298000137e-04
5.148194454658999719e-04
7.207960911838820072e-05
1.031349254538000033e-03
7.730843500019000209e-04
8.437793790581939722e-05
5.148194454658999719e-04
2.565545409298000137e-04
5.148194454658999719e-04
7.207960911838820072e-05
5.148194454658999719e-04
2.565545409298000137e-04
1.704662394177999883e-04
1.274220886617999891e-04
5.148194454658999719e-04
2.565545409298000137e-04
5.148194454658999719e-04
7.207960911838820072e-05
5.148194454658999719e-04
1.015955982081999951e-04
5.148194454658999719e-04
1.031349254538000033e-03
2.565545409298000137e-04
3.426428424418000119e-04
5.148194454658999719e-04
1.031349254538000033e-03
5.148194454658999719e-04
7.730843500019000209e-04
5.148194454658999719e-04
1.031349254538000033e-03
5.148194454658999719e-04
2.565545409298000137e-04
5.148194454658999719e-04
1.031349254538000033e-03
2.580938681754299784e-03
5.148194454658999719e-04
1.031349254538000033e-03
1.274220886617999891e-04
5.148194454658999719e-04
6.869960484898999685e-04
5.148194454658999719e-04
6.869960484898999685e-04
5.148194454658999719e-04
1.031349254538000033e-03
2.064408872682200156e-03
1.547879063610100095e-03
1.031349254538000033e-03
5.148194454658999719e-04
3.426428424418000119e-04
5.148194454658999719e-04
1.031349254538000033e-03
1.274220886617999891e-04
7.730843500019000209e-04
2.565545409298000137e-04
5.148194454658999719e-04
2.565545409298000137e-04
1.031349254538000033e-03
5.148194454658999719e-04
1.031349254538000033e-03
2.565545409298000137e-04
3.426428424418000119e-04
5.165127054360479919e-02
2.565545409298000137e-04
5.148194454658999719e-04
2.565545409298000137e-04
1.547879063610100095e-03
1.031349254538000033e-03
5.148194454658999719e-04
1.031349254538000033e-03
5.148194454658999719e-04
1.031349254538000033e-03
5.148194454658999719e-04
2.565545409298000137e-04
5.148194454658999719e-04
2.565545409298000137e-04
5.148194454658999719e-04
2.565545409298000137e-04
1.704662394177999883e-04
5.148194454658999719e-04
3.856869931977999840e-04
2.565545409298000137e-04
5.148194454658999719e-04
1.704662394177999883e-04
5.148194454658999719e-04
2.565545409298000137e-04
6.439518977339000506e-04
5.148194454658999719e-04
2.565545409298000137e-04
5.148194454658999719e-04
1.274220886617999891e-04
7.730843500019000209e-04
5.148194454658999719e-04
2.565545409298000137e-04
1.031349254538000033e-03
1.289614159073999974e-03
5.148194454658999719e-04
1.031349254538000033e-03
3.426428424418000119e-04
2.565545409298000137e-04
1.031349254538000033e-03
1.547879063610100095e-03
5.148194454658999719e-04
1.547879063610100095e-03
5.148194454658999719e-04
2.565545409298000137e-04
5.148194454658999719e-04
1.704662394177999883e-04
5.148194454658999719e-04
2.565545409298000137e-04
5.148194454658999719e-04
1.031349254538000033e-03
2.565545409298000137e-04
5.148194454658999719e-04
1.031349254538000033e-03
5.148194454658999719e-04
5.165127054360479919e-02
5.148194454658999719e-04
2.565545409298000137e-04
3.856869931977999840e-04
5.148194454658999719e-04
1.031349254538000033e-03
5.148194454658999719e-04
2.565545409298000137e-04
5.148194454658999719e-04
7.730843500019000209e-04
2.565545409298000137e-04
7.730843500019000209e-04
2.565545409298000137e-04
1.031349254538000033e-03
2.565545409298000137e-04
5.148194454658999719e-04
1.547879063610100095e-03
2.565545409298000137e-04
5.148194454658999719e-04
2.565545409298000137e-04
5.148194454658999719e-04
1.031349254538000033e-03
5.148194454658999719e-04
1.547879063610100095e-03
1.031349254538000033e-03
5.148194454658999719e-04
2.565545409298000137e-04
1.031349254538000033e-03
5.148194454658999719e-04
1.031349254538000033e-03
5.148194454658999719e-04
1.547879063610100095e-03
1.031349254538000033e-03
5.148194454658999719e-04
1.031349254538000033e-03
5.148194454658999719e-04
3.426428424418000119e-04
1.031349254538000033e-03
5.148194454658999719e-04
3.426428424418000119e-04
1.031349254538000033e-03
5.148194454658999719e-04
1.704662394177999883e-04
5.148194454658999719e-04
1.031349254538000033e-03
5.148194454658999719e-04
