2.996372811860100165e-03
2.680965147453300002e-03
3.942595805078000053e-03
2.838668979656300013e-03
4.258003469484000075e-03
4.415707301686999653e-03
4.573411133890799805e-03
2.365557483046400091e-03
2.050149818640499815e-03
4.573411133890799805e-03
7.569783945749200375e-03
2.680965147452400114e-03
6.308153288127999695e-04
4.415707301686999653e-03
1.293171424065590012e-02
2.539031698470289866e-02
6.308153288127999695e-04
2.365557483046400091e-03
3.154076644059000049e-04
6.308153288127999695e-04
9.462229932187000286e-04
6.308153288127999695e-04
5.992745623718500302e-03
2.838668979656300013e-03
4.731114966089000162e-04
7.885191610157000174e-04
2.523261315250299990e-03
1.103926825421700040e-03
3.154076644059000049e-04
4.226462703043690206e-02
3.154076644068000011e-04
1.103926825421700040e-03
6.308153288127999695e-04
3.154076644068000011e-04
6.308153288127999695e-04
1.878252641539183976e-01
0.000000000000000000e+00
2.002838668979654013e-01
4.226462703043690206e-02
3.154076644059000049e-04
6.308153288127999695e-04
1.878252641539183976e-01
2.002838668979654013e-01
4.731114966098000124e-04
9.462229932187000286e-04
4.731114966098000124e-04
3.154076644059000049e-04
4.731114966098000124e-04
3.154076644059000049e-04
4.731114966098000124e-04
3.154076644059000049e-04
1.103926825421700040e-03
6.308153288127999695e-04
3.154076644068000011e-04
6.308153288127999695e-04
6.308153288118999733e-04
1.103926825421700040e-03
6.308153288118999733e-04
6.308153288127999695e-04
4.731114966098000124e-04
1.419334489827700062e-03
6.308153288127999695e-04
7.885191610157000174e-04
6.308153288127999695e-04
7.885191610157000174e-04
6.308153288127999695e-04
3.154076644068000011e-04
7.885191610157000174e-04
1.103926825421700040e-03
6.308153288127999695e-04
1.103926825421700040e-03
4.731114966098000124e-04
1.103926825421700040e-03
4.731114966098000124e-04
1.103926825421700040e-03
6.308153288127999695e-04
1.103926825421700040e-03
6.308153288127999695e-04
7.885191610157000174e-04
9.462229932187000286e-04
4.731114966098000124e-04
6.308153288127999695e-04
1.103926825421700040e-03
6.308153288127999695e-04
1.103926825421700040e-03
6.308153288127999695e-04
7.885191610157000174e-04
6.308153288127999695e-04
1.103926825421700040e-03
4.731114966098000124e-04
6.308153288127999695e-04
3.154076644068000011e-04
6.308153288127999695e-04
4.731114966098000124e-04
6.308153288127999695e-04
1.103926825421700040e-03
4.731114966098000124e-04
6.308153288127999695e-04
1.577038322028999936e-04
6.308153288127999695e-04
2.838668979656300013e-03
7.885191610157000174e-04
9.462229932187000286e-04
1.103926825421700040e-03
9.462229932187000286e-04
6.308153288118999733e-04
9.462229932187000286e-04
7.885191610157000174e-04
6.308153288127999695e-04
1.103926825421700040e-03
6.308153288127999695e-04
1.640119854912500119e-02
2.207853650843499826e-03
9.304526099984699802e-03
9.462229932187000286e-04
1.860905219996850102e-02
9.935341428796599234e-03
1.860905219996850102e-02
1.261630657624700051e-03
7.885191610157000174e-04
1.577038322031499998e-03
7.885191610157000174e-04
1.419334489827700062e-03
7.885191610157000174e-04
1.577038322031499998e-03
1.261630657624700051e-03
1.577038322031499998e-03
3.154076644059000049e-04
6.308153288127999695e-04
1.892445986437500021e-03
7.885191610157000174e-04
1.577038322031499998e-03
6.308153288127999695e-04
2.334016716606239841e-02
7.885191610157000174e-04
6.308153288127999695e-04
1.577038322031499998e-03
4.731114966098000124e-04
7.410503075224730285e-01
4.731114966098000124e-04
1.734742154234500009e-03
4.731114966098000124e-04
1.103926825421700040e-03
4.731114966098000124e-04
1.103926825421700040e-03
1.261630657624700051e-03
1.103926825421700040e-03
1.261630657624700051e-03
2.838668979656300013e-03
3.154076644068000011e-04
1.577038322028999936e-04
4.226462703043690206e-02
1.419334489827700062e-03
1.577038322031499998e-03
6.308153288127999695e-04
7.885191610157000174e-04
1.734742154234500009e-03
9.462229932187000286e-04
4.731114966098000124e-04
1.261630657625599939e-03
1.261630657624700051e-03
1.103926825421700040e-03
1.261630657624700051e-03
3.154076644068000011e-04
1.734742154234500009e-03
3.154076644059000049e-04
1.419334489827700062e-03
1.734742154234500009e-03
1.419334489827700062e-03
1.734742154234500009e-03
1.356252956946869988e-02
1.482416022709340080e-02
1.577038322031499998e-03
6.308153288127999695e-04
4.226462703043690206e-02
1.103926825421700040e-03
1.151237975082819963e-02
2.539031698470289866e-02
4.731114966098000124e-04
6.308153288127999695e-04
1.103926825421700040e-03
9.462229932187699380e-03
6.308153288127999695e-04
1.640119854912500119e-02
4.731114966098000124e-04
6.308153288127999695e-04
4.731114966089000162e-04
1.577038322028999936e-04
3.154076644059000049e-04
1.261630657624700051e-03
3.154076644059000049e-04
3.154076644068000011e-04
3.154076644059000049e-04
1.419334489828599950e-03
2.523261315250299990e-03
6.308153288127999695e-04
4.226462703043690206e-02
1.577038322031499998e-03
2.365557483046400091e-03
3.154076644059000049e-04
3.248698943384319832e-02
4.731114966098000124e-04
8.964424989876677887e-16
9.462229932187000286e-04
1.608579088471909918e-02
2.539031698470289866e-02
8.964424989876677887e-16
7.885191610157000174e-04
9.462229932187000286e-04
9.462229932196000249e-04
1.419334489828599950e-03
1.103926825422599928e-03
4.731114966098000124e-04
1.261630657625599939e-03
4.731114966098000124e-04
9.462229932187000286e-04
1.419334489828599950e-03
1.261630657625599939e-03
4.731114966089000162e-04
4.731114966098000124e-04
3.154076644059000049e-04
4.731114966098000124e-04
6.308153288127999695e-04
9.462229932187000286e-04
3.154076644059000049e-04
6.308153288127999695e-04
7.885191610157000174e-04
6.308153288127999695e-04
4.731114966098000124e-04
7.885191610157000174e-04
6.308153288127999695e-04
4.731114966098000124e-04
7.885191610157000174e-04
1.655890238132800077e-02
9.462229932187000286e-04
1.655890238132800077e-02
1.640119854912500119e-02
9.462229932187000286e-04
1.640119854912500119e-02
1.261630657624700051e-03
9.462229932187000286e-04
1.640119854912500119e-02
1.687431004573399992e-02
6.308153288127999695e-04
9.462229932187000286e-04
1.293171424065590012e-02
7.885191610157000174e-04
9.462229932187000286e-04
1.608579088471909918e-02
1.687431004573399992e-02
7.885191610157000174e-04
2.223624034063970134e-02
6.308153288127999695e-04
3.154076644062199855e-03
1.734742154234500009e-03
1.025074909320260012e-02
1.734742154234500009e-03
2.964832045418689874e-02
1.734742154234500009e-03
1.782053303895270169e-02
2.680965147453300002e-03
1.577038322031499998e-03
9.619933764390600078e-03
2.680965147453300002e-03
1.419334489827700062e-03
1.797823687115570127e-02
1.577038322031499998e-03
2.680965147453300002e-03
2.964832045418689874e-02
9.462229932187000286e-04
2.680965147453300002e-03
2.207853650844299968e-03
2.050149818641400137e-03
1.577038322031499998e-03
1.103926825422599928e-03
2.964832045418689874e-02
3.627188140672100210e-03
1.813594070335959943e-02
1.261630657625599939e-03
9.462229932196000249e-04
2.964832045418689874e-02
1.577038322031499998e-03
2.523261315250299990e-03
2.365557483047299979e-03
1.577038322031499998e-03
2.207853650844299968e-03
1.419334489828599950e-03
4.573411133890799805e-03
1.829364453556259901e-02
2.187352152657310034e-01
2.207853650843499826e-03
4.573411133890799805e-03
2.964832045418689874e-02
1.829364453556259901e-02
2.187352152657310034e-01
8.516006938968900472e-03
1.261630657625599939e-03
2.223624034063970134e-02
1.577038322031499998e-03
1.261630657625599939e-03
1.482416022709340080e-02
1.876675603217150060e-02
1.261630657624700051e-03
2.680965147453300002e-03
9.462229932187000286e-04
1.845134836776550144e-02
9.462229932187000286e-04
1.813594070335959943e-02
4.731114966098000124e-04
3.154076644059000049e-04
2.365557483047299979e-03
9.462229932187000286e-04
1.261630657624700051e-03
1.293171424065590012e-02
1.577038322031499998e-03
1.261630657625599939e-03
1.261630657624700051e-03
1.103926825421700040e-03
9.462229932187000286e-04
1.892445986437500021e-03
1.103926825421700040e-03
9.462229932187000286e-04
7.885191610157000174e-04
1.734742154234500009e-03
6.308153288118999733e-04
2.838668979656300013e-03
4.100299637280999630e-03
2.207853650843499826e-03
1.419334489828599950e-03
2.050149818641400137e-03
7.885191610157000174e-04
9.462229932196000249e-04
1.419334489828599950e-03
2.050149818641400137e-03
2.996372811859199844e-03
9.462229932196000249e-04
4.100299637280999630e-03
1.734742154233599905e-03
1.261630657624700051e-03
9.462229932196000249e-04
1.419334489828599950e-03
2.996372811859199844e-03
3.154076644062199855e-03
3.627188140671199889e-03
7.885191610157000174e-04
1.261630657625599939e-03
5.361930294906600003e-03
6.308153288127999695e-04
7.885191610157000174e-04
2.207853650843499826e-03
1.734742154234500009e-03
2.365557483047299979e-03
2.838668979656300013e-03
3.784891972875000041e-03
1.766282920674969864e-02
1.419334489828599950e-03
7.885191610157000174e-04
3.059454344740570111e-02
1.419334489828599950e-03
1.103926825421700040e-03
1.577038322030599894e-03
1.419334489828599950e-03
1.766282920674969864e-02
1.419334489828599950e-03
1.577038322030599894e-03
2.207853650843499826e-03
7.885191610157000174e-04
1.766282920674969864e-02
1.119697208642130015e-02
1.892445986437500021e-03
7.885191610157000174e-04
1.261630657624700051e-03
7.885191610157000174e-04
1.419334489827700062e-03
1.577038322031499998e-03
1.103926825421700040e-03
1.261630657625599939e-03
1.103926825422599928e-03
1.498186405929730070e-02
9.462229932196000249e-04
1.261630657625599939e-03
1.103926825421700040e-03
3.627188140672100210e-03
3.469484308469100199e-03
1.419334489828599950e-03
1.577038322031499998e-03
1.419334489828599950e-03
4.731114966089000162e-04
6.308153288127999695e-04
1.577038322031499998e-03
5.204226462702700104e-03
7.885191610157000174e-04
1.261630657624700051e-03
1.577038322031499998e-03
2.050149818640499815e-03
1.261630657624700051e-03
9.462229932187000286e-04
1.261630657624700051e-03
2.365557483047299979e-03
1.419334489827700062e-03
1.766282920674969864e-02
1.261630657624700051e-03
1.561267938810920013e-02
2.207853650843499826e-03
2.050149818640499815e-03
2.838668979656300013e-03
9.619933764390600078e-03
1.482416022709340080e-02
2.207853650843499826e-03
1.072386058981240030e-02
3.311780476266100188e-03
2.680965147453300002e-03
2.838668979656300013e-03
2.523261315249400102e-03
2.223624034064059993e-02
2.996372811859199844e-03
1.892445986437500021e-03
1.766282920674969864e-02
2.223624034064059993e-02
1.766282920674969864e-02
1.025074909320260012e-02
7.885191610157000174e-04
2.523261315250299990e-03
3.627188140672100210e-03
1.419334489827700062e-03
1.261630657624700051e-03
1.450875256268750052e-02
9.462229932187000286e-04
1.419334489828599950e-03
9.462229932187000286e-04
7.885191610157000174e-04
4.258003469484900397e-03
3.154076644063100177e-03
1.103926825421700040e-03
9.619933764390600078e-03
1.577038322030599894e-03
1.261630657625599939e-03
1.103926825421700040e-03
1.261630657625599939e-03
3.154076644063100177e-03
3.311780476266100188e-03
1.892445986437500021e-03
3.154076644068000011e-04
9.146822267780799903e-03
1.577038322028999936e-04
3.154076644059000049e-04
1.577038322028999936e-04
4.573411133890799805e-03
1.577038322028999936e-04
3.154076644059000049e-04
2.838668979656300013e-03
4.731114966098000124e-04
6.308153288127999695e-04
4.731114966089000162e-04
8.358303106765899160e-03
1.577038322031499998e-03
1.419334489828599950e-03
1.734742154234500009e-03
8.831414603374800748e-03
6.308153288127999695e-04
4.731114966089000162e-04
3.437943542028080307e-02
6.465857120328400223e-03
2.365557483046400091e-03
2.523261315249400102e-03
1.261630657624700051e-03
9.462229932187000286e-04
1.782053303895285989e-01
6.308153288127999695e-04
1.419334489828599950e-03
1.775745150607158096e-01
7.885191610157000174e-04
9.462229932187000286e-04
1.734742154234500009e-03
1.577038322031499998e-03
2.523261315249400102e-03
2.680965147453300002e-03
1.892445986437500021e-03
1.419334489828599950e-03
1.261630657624700051e-03
2.444409399148409975e-02
1.775745150607158096e-01
1.419334489827700062e-03
1.245860274404700027e-02
9.462229932187000286e-04
3.784891972875000041e-03
7.885191610157000174e-04
1.261630657625599939e-03
1.151237975082819963e-02
9.462229932187000286e-04
4.731114966089000162e-04
7.885191610148000211e-04
4.226462703043690206e-02
1.151237975082819963e-02
3.437943542028080307e-02
9.462229932187000286e-04
4.731114966098000124e-04
7.885191610157000174e-04
6.308153288127999695e-04
3.942595805078000053e-03
4.226462703043690206e-02
3.627188140672100210e-03
2.507490932029689951e-02
3.311780476265199866e-03
3.627188140672100210e-03
4.226462703043690206e-02
1.151237975082819963e-02
3.437943542028080307e-02
3.784891972875000041e-03
2.491720548809309849e-02
3.437943542028080307e-02
2.523261315250299990e-03
2.491720548809309849e-02
4.226462703043690206e-02
1.151237975082819963e-02
3.437943542028080307e-02
2.491720548809309849e-02
4.226462703043690206e-02
1.151237975082819963e-02
3.437943542028080307e-02
2.491720548809309849e-02
3.437943542028080307e-02
2.523261315250299990e-03
2.365557483046400091e-03
3.784891972875000041e-03
2.248856647216526117e-01
1.949219366030595924e-01
1.419334489827700062e-03
2.002838668979654013e-01
2.365557483046400091e-03
2.207853650843499826e-03
3.784891972875000041e-03
2.207853650843499826e-03
2.365557483046400091e-03
2.207853650843499826e-03
2.365557483046400091e-03
1.419334489827700062e-03
2.680965147453300002e-03
1.892445986437500021e-03
1.198549124743709948e-02
3.579876991010849663e-02
3.784891972875000041e-03
1.577038322031499998e-03
2.838668979656300013e-03
1.277401040845290055e-02
3.784891972875000041e-03
2.523261315250299990e-03
2.050149818640499815e-03
2.680965147453300002e-03
1.957104557640753917e-01
2.365557483046400091e-03
2.207853650843499826e-03
2.365557483046400091e-03
2.050149818640499815e-03
2.996372811859199844e-03
3.469484308469100199e-03
2.207853650843499826e-03
2.365557483046400091e-03
2.207853650843499826e-03
2.365557483046400091e-03
3.579876991010849663e-02
3.784891972875000041e-03
1.892445986437500021e-03
1.261630657624700051e-03
1.734742154234500009e-03
1.577038322031499998e-03
1.892445986437500021e-03
2.365557483047299979e-03
2.207853650844299968e-03
2.365557483047299979e-03
2.050149818640499815e-03
2.365557483047299979e-03
2.207853650844299968e-03
2.365557483047299979e-03
2.050149818640499815e-03
2.365557483047299979e-03
2.207853650844299968e-03
1.167008358303119921e-02
2.365557483047299979e-03
2.050149818640499815e-03
3.579876991010849663e-02
2.365557483047299979e-03
2.207853650844299968e-03
2.365557483047299979e-03
2.207853650844299968e-03
2.365557483047299979e-03
2.050149818640499815e-03
3.579876991010849663e-02
2.365557483047299979e-03
2.207853650844299968e-03
2.365557483047299979e-03
2.050149818640499815e-03
2.365557483047299979e-03
2.207853650844299968e-03
2.001261630657623913e-01
2.365557483047299979e-03
2.001261630657623913e-01
2.365557483047299979e-03
1.261630657624700051e-03
3.784891972875000041e-03
2.365557483047299979e-03
1.577038322031499998e-03
2.491720548809309849e-02
3.911055038637459985e-02
1.577038322031499998e-03
1.261630657625599939e-03
7.885191610157000174e-04
2.460179782368709933e-02
1.103926825422599928e-03
3.784891972875000041e-03
9.462229932187000286e-04
3.911055038637459985e-02
1.261630657625599939e-03
1.577038322030599894e-03
9.462229932187000286e-04
2.680965147452400114e-03
1.261630657625599939e-03
1.103926825422599928e-03
1.577038322031499998e-03
1.261630657624700051e-03
1.419334489828599950e-03
3.579876991010849663e-02
2.207853650844299968e-03
2.365557483047299979e-03
3.579876991010849663e-02
2.207853650844299968e-03
1.577038322031499998e-03
2.365557483047299979e-03
3.579876991010849663e-02
2.207853650844299968e-03
2.365557483047299979e-03
3.579876991010849663e-02
2.207853650844299968e-03
2.365557483047299979e-03
2.365557483046400091e-03
1.135467591862429973e-02
1.577038322031499998e-03
1.892445986437500021e-03
1.261630657624700051e-03
1.577038322031499998e-03
1.734742154234500009e-03
1.892445986437500021e-03
1.734742154234500009e-03
6.308153288118999733e-04
1.103926825421700040e-03
1.513956789150030027e-02
9.462229932187000286e-04
1.261630657624700051e-03
1.103926825421700040e-03
1.734742154234500009e-03
2.207853650843499826e-03
1.577038322031499998e-03
1.261630657625599939e-03
1.734742154234500009e-03
1.419334489827700062e-03
1.577038322031499998e-03
1.734742154234500009e-03
1.577038322031499998e-03
1.734742154234500009e-03
1.419334489827700062e-03
1.734742154234500009e-03
1.577038322031499998e-03
1.734742154234500009e-03
1.419334489827700062e-03
2.050149818640499815e-03
1.892445986437500021e-03
2.050149818640499815e-03
1.419334489827700062e-03
2.050149818640499815e-03
1.892445986437500021e-03
2.050149818640499815e-03
1.419334489827700062e-03
1.892445986437500021e-03
2.050149818640499815e-03
1.734742154234500009e-03
1.261630657624700051e-03
1.103926825421700040e-03
9.462229932187000286e-04
1.103926825421700040e-03
1.103926825422599928e-03
1.419334489828599950e-03
1.103926825422599928e-03
2.680965147453300002e-03
1.261630657625599939e-03
1.734742154234500009e-03
1.892445986437500021e-03
1.419334489827700062e-03
1.261630657625599939e-03
1.577038322031499998e-03
2.365557483047299979e-03
1.261630657625599939e-03
9.462229932187000286e-04
1.103926825422599928e-03
1.419334489828599950e-03
1.577038322031499998e-03
1.419334489828599950e-03
9.462229932187000286e-04
7.885191610157000174e-04
1.103926825421700040e-03
9.462229932187000286e-04
6.308153288127999695e-04
1.103926825421700040e-03
6.308153288127999695e-04
4.731114966089000162e-04
6.308153288127999695e-04
1.734742154234500009e-03
6.308153288127999695e-04
7.885191610157000174e-04
6.308153288127999695e-04
7.885191610157000174e-04
6.308153288118999733e-04
1.261630657624700051e-03
6.308153288118999733e-04
1.261630657624700051e-03
9.462229932187000286e-04
1.261630657624700051e-03
7.885191610157000174e-04
3.832203122535880052e-02
4.888818798296799828e-03
6.308153288127999695e-04
7.885191610157000174e-04
6.308153288127999695e-04
7.885191610157000174e-04
4.731114966098000124e-04
6.308153288127999695e-04
2.680965147453300002e-03
9.462229932187000286e-04
4.731114966089000162e-04
9.462229932187000286e-04
7.885191610157000174e-04
1.103926825421700040e-03
3.784891972875000041e-03
2.365557483047299979e-03
6.308153288127999695e-04
2.207853650844299968e-03
4.731114966093800250e-03
2.050149818640499815e-03
2.050149818641400137e-03
2.365557483046400091e-03
1.419334489827700062e-03
3.911055038637459985e-02
2.523261315250299990e-03
2.365557483047299979e-03
5.046522630499800273e-03
2.365557483047299979e-03
4.731114966093800250e-03
2.838668979656300013e-03
3.311780476265199866e-03
2.838668979656300013e-03
3.154076644062199855e-03
2.680965147453300002e-03
3.154076644062199855e-03
2.838668979656300013e-03
2.996372811860100165e-03
2.838668979656300013e-03
3.154076644062199855e-03
2.996372811859199844e-03
2.838668979656300013e-03
2.680965147453300002e-03
2.523261315249400102e-03
2.680965147453300002e-03
2.050149818640499815e-03
2.207853650844299968e-03
1.892445986437500021e-03
1.419334489827700062e-03
2.050149818640499815e-03
2.381327866267130000e-02
1.419334489827700062e-03
1.892445986437500021e-03
2.018609052200009968e-02
1.419334489828599950e-03
1.103926825422599928e-03
2.397098249487429958e-02
1.261630657624700051e-03
2.050149818640499815e-03
1.261630657624700051e-03
2.050149818640499815e-03
1.892445986437500021e-03
1.261630657624700051e-03
2.996372811859199844e-03
1.892445986437500021e-03
2.365557483047299979e-03
1.892445986437500021e-03
2.050149818641400137e-03
1.892445986437500021e-03
9.462229932187000286e-04
7.885191610157000174e-04
9.462229932187000286e-04
6.308153288127999695e-04
1.261630657624700051e-03
1.103926825421700040e-03
9.462229932187000286e-04
4.731114966098000124e-04
1.734742154234500009e-03
1.577038322031499998e-03
4.731114966098000124e-04
1.577038322031499998e-03
1.734742154234500009e-03
1.419334489827700062e-03
1.892445986437500021e-03
2.349787099826540146e-02
1.577038322030599894e-03
2.207853650844299968e-03
5.361930294906600003e-03
1.103926825422599928e-03
9.462229932196000249e-04
1.892445986437500021e-03
1.103926825422599928e-03
9.462229932187000286e-04
1.577038322031499998e-03
9.462229932187000286e-04
1.103926825421700040e-03
1.103926825422599928e-03
6.308153288127999695e-04
9.462229932196000249e-04
4.731114966098000124e-04
1.103926825422599928e-03
6.308153288127999695e-04
4.731114966098000124e-04
4.731114966089000162e-04
9.462229932187000286e-04
3.832203122535880052e-02
7.885191610157000174e-04
1.892445986437500021e-03
2.523261315250299990e-03
9.462229932187000286e-04
1.419334489827700062e-03
4.573411133890799805e-03
1.103926825421700040e-03
1.261630657624700051e-03
1.103926825421700040e-03
1.261630657624700051e-03
1.892445986437500021e-03
1.103926825421700040e-03
1.734742154234500009e-03
1.419334489828599950e-03
1.577038322031499998e-03
2.050149818640499815e-03
1.892445986437500021e-03
2.050149818640499815e-03
1.892445986437500021e-03
3.674499290332729901e-02
2.050149818640499815e-03
1.892445986437500021e-03
2.207853650844299968e-03
2.050149818641400137e-03
2.207853650844299968e-03
2.050149818640499815e-03
1.892445986437500021e-03
3.674499290332729901e-02
2.050149818640499815e-03
1.892445986437500021e-03
2.365557483047299979e-03
2.050149818641400137e-03
2.365557483047299979e-03
2.050149818640499815e-03
1.892445986437500021e-03
2.160542501182780017e-02
1.892445986437500021e-03
1.734742154234500009e-03
1.577038322030599894e-03
2.523261315249400102e-03
2.207853650843499826e-03
1.261630657625599939e-03
1.103926825422599928e-03
3.674499290332729901e-02
1.261630657625599939e-03
1.103926825422599928e-03
2.523261315250299990e-03
2.365557483046400091e-03
1.261630657625599939e-03
1.734742154234290151e-02
1.261630657625599939e-03
1.103926825422599928e-03
3.674499290332729901e-02
1.261630657625599939e-03
1.103926825422599928e-03
2.176312884403079975e-02
1.103926825422599928e-03
2.365557483047299979e-03
1.103926825422599928e-03
2.207853650844299968e-03
1.072386058981330062e-02
2.475950165589100097e-02
1.103926825422599928e-03
1.750512537454679968e-02
1.072386058981330062e-02
2.475950165589100097e-02
1.072386058981330062e-02
2.475950165589100097e-02
1.072386058981330062e-02
2.475950165589100097e-02
1.072386058981330062e-02
2.475950165589100097e-02
1.261630657625599939e-03
9.462229932187000286e-04
6.308153288127999695e-04
2.996372811859199844e-03
7.885191610157000174e-04
1.892445986437500021e-03
1.103926825421700040e-03
1.892445986437500021e-03
9.462229932187000286e-04
2.523261315250299990e-03
2.207853650843499826e-03
2.523261315250299990e-03
1.892445986437500021e-03
2.050149818640499815e-03
2.050149818641400137e-03
2.207853650843499826e-03
2.523261315249400102e-03
2.680965147453300002e-03
2.365557483046400091e-03
2.207853650843499826e-03
1.214319507964099938e-02
2.365557483047299979e-03
2.207853650844299968e-03
1.734742154234500009e-03
2.365557483047299979e-03
2.207853650843499826e-03
1.734742154234500009e-03
1.734742154233599905e-03
1.261630657624700051e-03
2.680965147453300002e-03
1.261630657624700051e-03
1.766282920674969864e-02
1.261630657624700051e-03
1.577038322030599894e-03
3.627188140672100210e-03
2.365557483046400091e-03
1.577038322030599894e-03
9.462229932187000286e-04
7.885191610157000174e-04
7.885191610148000211e-04
9.462229932187000286e-04
1.419334489827700062e-03
1.103926825421700040e-03
1.419334489827700062e-03
1.261630657625599939e-03
4.731114966098000124e-04
1.419334489828599950e-03
4.731114966098000124e-04
1.103926825422599928e-03
9.462229932187000286e-04
1.261630657625599939e-03
1.103926825421700040e-03
1.261630657625599939e-03
1.734742154234500009e-03
1.577038322037999899e-04
1.577038322031499998e-03
1.892445986437500021e-03
1.734742154234500009e-03
1.577038322031499998e-03
1.892445986437500021e-03
1.734742154234500009e-03
1.577038322031499998e-03
1.734742154234500009e-03
2.050149818640499815e-03
2.207853650843499826e-03
2.523261315250299990e-03
2.838668979656300013e-03
1.734742154234500009e-03
1.892445986437500021e-03
2.050149818640499815e-03
2.207853650843499826e-03
2.050149818640499815e-03
2.207853650843499826e-03
2.050149818640499815e-03
2.207853650843499826e-03
2.050149818640499815e-03
2.207853650843499826e-03
2.050149818640499815e-03
1.810439993691848881e-01
2.207853650843499826e-03
2.050149818640499815e-03
2.207853650843499826e-03
2.050149818640499815e-03
2.207853650843499826e-03
2.050149818640499815e-03
2.207853650843499826e-03
2.050149818640499815e-03
2.207853650843499826e-03
2.050149818640499815e-03
2.207853650843499826e-03
2.050149818640499815e-03
2.207853650843499826e-03
2.050149818640499815e-03
1.812017032013878981e-01
2.207853650843499826e-03
1.734742154233599905e-03
1.103926825421700040e-03
1.734742154233599905e-03
2.680965147453300002e-03
4.731114966098000124e-04
6.308153288118999733e-04
4.731114966089000162e-04
6.308153288127999695e-04
9.462229932196000249e-04
7.885191610157000174e-04
6.308153288127999695e-04
7.885191610157000174e-04
4.731114966089000162e-04
3.154076644059000049e-04
1.577038322028999936e-04
6.308153288127999695e-04
6.308153288118999733e-04
9.462229932196000249e-04
1.261630657624700051e-03
4.731114966098000124e-04
6.308153288127999695e-04
7.885191610157000174e-04
1.419334489828599950e-03
1.261630657625599939e-03
9.462229932187000286e-04
7.885191610157000174e-04
6.308153288127999695e-04
7.885191610157000174e-04
6.308153288127999695e-04
9.462229932187000286e-04
1.103926825421700040e-03
7.885191610157000174e-04
1.812017032013878981e-01
1.419334489828599950e-03
1.103926825422599928e-03
1.892445986437500021e-03
1.577038322031499998e-03
1.892445986437500021e-03
2.050149818640499815e-03
2.365557483047299979e-03
2.523261315250299990e-03
2.050149818641400137e-03
2.365557483047299979e-03
2.207853650844299968e-03
2.050149818641400137e-03
1.892445986437500021e-03
2.365557483047299979e-03
1.892445986437500021e-03
2.050149818640499815e-03
1.892445986437500021e-03
2.050149818640499815e-03
1.734742154234380010e-02
1.103926825422599928e-03
1.577038322031499998e-03
1.419334489828599950e-03
9.462229932196000249e-04
1.261630657625599939e-03
1.419334489828599950e-03
2.207853650844299968e-03
1.577038322031499998e-03
2.207853650844299968e-03
1.261630657625599939e-03
2.207853650844299968e-03
1.892445986437500021e-03
2.207853650844299968e-03
2.050149818641400137e-03
1.245860274404700027e-02
2.207853650844299968e-03
1.734742154234500009e-03
1.103926825422599928e-03
2.144772117962480060e-02
1.577038322031499998e-03
4.731114966093800250e-03
1.577038322031499998e-03
1.419334489828599950e-03
1.577038322031499998e-03
1.734742154234500009e-03
2.050149818640499815e-03
1.892445986437500021e-03
2.207853650844299968e-03
2.050149818641400137e-03
1.261630657624700051e-03
2.050149818640499815e-03
1.577038322031499998e-03
2.113231351521800000e-02
1.577038322031499998e-03
1.892445986437500021e-03
2.050149818640499815e-03
1.734742154234500009e-03
2.365557483047299979e-03
2.523261315249400102e-03
1.734742154234500009e-03
1.892445986437500021e-03
1.734742154234500009e-03
1.892445986437500021e-03
1.577038322031499998e-03
1.734742154234500009e-03
1.577038322030599894e-03
1.577038322031499998e-03
2.050149818640499815e-03
2.207853650843499826e-03
1.734742154234500009e-03
1.577038322031499998e-03
2.207853650843499826e-03
2.365557483046400091e-03
1.577038322031499998e-03
1.734742154233599905e-03
2.050149818640499815e-03
2.365557483046400091e-03
2.207853650843499826e-03
2.523261315249400102e-03
1.734742154233599905e-03
1.466645639489050010e-02
2.365557483046400091e-03
2.475950165589100097e-02
2.523261315249400102e-03
2.050149818640499815e-03
1.261630657624989924e-02
2.523261315249400102e-03
1.892445986437500021e-03
1.261630657624989924e-02
1.466645639489050010e-02
2.475950165589100097e-02
1.466645639489050010e-02
2.475950165589100097e-02
2.365557483046400091e-03
2.207853650843499826e-03
1.892445986437500021e-03
2.050149818640499815e-03
1.261630657624700051e-03
2.050149818640499815e-03
1.261630657624700051e-03
3.311780476266100188e-03
4.731114966089000162e-04
1.419334489827700062e-03
1.261630657624700051e-03
1.577038322030599894e-03
1.103926825421700040e-03
2.475950165589100097e-02
1.103926825421700040e-03
1.261630657624700051e-03
1.103926825421700040e-03
1.261630657624700051e-03
1.103926825421700040e-03
9.462229932187000286e-04
6.308153288118999733e-04
9.462229932187000286e-04
7.885191610157000174e-04
1.103926825421700040e-03
7.885191610157000174e-04
9.462229932187000286e-04
1.261630657624700051e-03
9.462229932187000286e-04
4.415707301687800228e-03
7.885191610157000174e-04
9.462229932187000286e-04
6.308153288118999733e-04
9.462229932187000286e-04
7.885191610157000174e-04
4.731114966098000124e-04
6.308153288127999695e-04
3.154076644068000011e-04
4.731114966098000124e-04
7.885191610157000174e-04
4.731114966089000162e-04
3.154076644059000049e-04
1.577038322030599894e-03
4.731114966089000162e-04
3.154076644059000049e-04
1.261630657624700051e-03
3.154076644059000049e-04
4.731114966089000162e-04
9.462229932187000286e-04
1.103926825421700040e-03
9.462229932187000286e-04
1.103926825421700040e-03
9.462229932187000286e-04
6.308153288127999695e-04
9.462229932187000286e-04
7.885191610157000174e-04
1.103926825421700040e-03
1.261630657624700051e-03
9.462229932187699380e-03
1.103926825421700040e-03
6.308153288118999733e-04
1.056615675760940072e-02
6.308153288118999733e-04
4.731114966089000162e-04
6.308153288118999733e-04
7.885191610148000211e-04
9.462229932187000286e-04
4.731114966098000124e-04
2.207853650843499826e-03
1.009304526099960055e-02
3.154076644062199855e-03
1.103926825421700040e-03
1.009304526099960055e-02
2.207853650843499826e-03
9.462229932187000286e-04
7.885191610157000174e-04
9.462229932187000286e-04
7.885191610157000174e-04
9.462229932187000286e-04
7.885191610157000174e-04
4.731114966098000124e-04
7.885191610157000174e-04
9.462229932187000286e-04
1.103926825421700040e-03
7.885191610157000174e-04
9.462229932187000286e-04
1.103926825421700040e-03
9.462229932187000286e-04
1.103926825421700040e-03
9.462229932187000286e-04
6.308153288127999695e-04
9.462229932187000286e-04
1.103926825421700040e-03
6.308153288127999695e-04
1.103926825421700040e-03
1.419334489827700062e-03
1.103926825421700040e-03
9.777637596593599656e-03
6.308153288127999695e-04
2.207853650843499826e-03
1.419334489827700062e-03
1.103926825421700040e-03
1.892445986437500021e-03
1.734742154234500009e-03
1.261630657625599939e-03
9.462229932187000286e-04
1.734742154234500009e-03
1.261630657625599939e-03
1.103926825421700040e-03
1.261630657624700051e-03
1.419334489828599950e-03
9.462229932187000286e-04
1.734742154234500009e-03
3.469484308469100199e-03
1.261630657625599939e-03
9.462229932187000286e-04
1.103926825421700040e-03
1.261630657624700051e-03
1.261630657625599939e-03
1.419334489828599950e-03
1.261630657624700051e-03
1.577038322031499998e-03
2.050149818641400137e-03
9.777637596593599656e-03
2.018609052200009968e-02
1.261630657624700051e-03
1.419334489828599950e-03
1.103926825421700040e-03
1.261630657624700051e-03
1.419334489827700062e-03
1.103926825421700040e-03
1.419334489827700062e-03
1.103926825421700040e-03
1.419334489827700062e-03
1.103926825421700040e-03
1.419334489827700062e-03
4.100299637280999630e-03
1.103926825421700040e-03
1.261630657624700051e-03
1.103926825421700040e-03
1.577038322031499998e-03
3.169847027282739899e-02
1.261630657624700051e-03
1.577038322031499998e-03
1.734742154234500009e-03
1.198549124743709948e-02
1.734742154234500009e-03
2.207853650844299968e-03
1.167008358303119921e-02
2.050149818641400137e-03
8.831414603374800748e-03
2.996372811859199844e-03
2.018609052200009968e-02
1.892445986437500021e-03
2.207853650844299968e-03
1.892445986437500021e-03
1.167008358303119921e-02
1.734742154234500009e-03
1.892445986437500021e-03
1.167008358303119921e-02
2.050149818641400137e-03
1.734742154234500009e-03
1.892445986437500021e-03
2.192083267623379933e-02
1.734742154234500009e-03
1.892445986437500021e-03
1.577038322031499998e-03
4.888818798296799828e-03
1.734742154234500009e-03
1.734742154233599905e-03
1.892445986437500021e-03
1.734742154234500009e-03
1.734742154233599905e-03
1.892445986437500021e-03
1.577038322031499998e-03
1.419334489827700062e-03
1.577038322030599894e-03
1.892445986437500021e-03
1.577038322031499998e-03
1.577038322030599894e-03
9.146822267780799903e-03
2.018609052200009968e-02
1.261630657624700051e-03
2.176312884403079975e-02
9.462229932187000286e-04
7.885191610157000174e-04
2.176312884403079975e-02
1.734742154234500009e-03
2.207853650843499826e-03
1.577038322031499998e-03
2.050149818640499815e-03
1.892445986437500021e-03
6.308153288127999695e-04
4.731114966098000124e-04
6.308153288127999695e-04
3.154076644068000011e-04
6.308153288127999695e-04
7.885191610157000174e-04
4.731114966098000124e-04
6.308153288127999695e-04
1.103926825421700040e-03
7.885191610157000174e-04
1.103926825421700040e-03
9.462229932187000286e-04
1.261630657624700051e-03
1.103926825421700040e-03
1.261630657624700051e-03
1.103926825421700040e-03
1.261630657624700051e-03
1.103926825421700040e-03
9.462229932187000286e-04
7.885191610157000174e-04
9.462229932187000286e-04
7.885191610157000174e-04
1.103926825421700040e-03
9.462229932187000286e-04
1.103926825421700040e-03
9.462229932187000286e-04
1.103926825421700040e-03
9.462229932187000286e-04
1.103926825421700040e-03
9.462229932187000286e-04
1.103926825421700040e-03
9.619933764390600078e-03
2.018609052200009968e-02
9.462229932187000286e-04
1.103926825421700040e-03
9.462229932187000286e-04
7.885191610157000174e-04
9.462229932187000286e-04
3.154076644059000049e-04
7.885191610157000174e-04
9.462229932187000286e-04
1.103926825421700040e-03
6.308153288127999695e-04
7.885191610157000174e-04
1.103926825421700040e-03
9.462229932187000286e-04
7.885191610157000174e-04
9.462229932187000286e-04
7.885191610157000174e-04
9.462229932187000286e-04
1.103926825421700040e-03
9.462229932187000286e-04
2.838668979656300013e-03
1.103926825421700040e-03
1.718971771014080052e-02
7.885191610157000174e-04
6.308153288127999695e-04
9.462229932187000286e-04
3.154076644068000011e-04
4.731114966098000124e-04
3.154076644059000049e-04
4.731114966098000124e-04
3.154076644059000049e-04
1.577038322028999936e-04
3.154076644059000049e-04
4.731114966098000124e-04
9.462229932187000286e-04
5.204226462702700104e-03
7.885191610157000174e-04
6.308153288127999695e-04
9.462229932187000286e-04
9.462229932196000249e-04
1.103926825422599928e-03
7.885191610157000174e-04
6.308153288127999695e-04
1.103926825422599928e-03
9.462229932196000249e-04
4.731114966098000124e-04
7.885191610157000174e-04
1.103926825422599928e-03
3.311780476265199866e-03
5.204226462702700104e-03
9.462229932187000286e-04
1.103926825422599928e-03
9.462229932187000286e-04
1.103926825422599928e-03
9.462229932196000249e-04
1.103926825422599928e-03
1.261630657625599939e-03
1.419334489828599950e-03
1.261630657625599939e-03
1.577038322037999899e-04
3.154076644068000011e-04
9.462229932187000286e-04
1.577038322031499998e-03
1.103926825421700040e-03
1.577038322031499998e-03
2.050149818640609883e-02
6.308153288127999695e-04
6.308153288118999733e-04
4.731114966089000162e-04
6.308153288127999695e-04
7.885191610157000174e-04
6.308153288127999695e-04
1.103926825421700040e-03
9.462229932187000286e-04
1.261630657624700051e-03
9.462229932187000286e-04
1.103926825421700040e-03
1.419334489827700062e-03
9.462229932187000286e-04
6.308153288127999695e-04
1.261630657625599939e-03
4.731114966098000124e-04
1.261630657625599939e-03
2.838668979656300013e-03
1.577038322030599894e-03
9.462229932187000286e-04
7.885191610157000174e-04
1.103926825422599928e-03
9.462229932187000286e-04
1.103926825421700040e-03
9.462229932187000286e-04
1.892445986437450017e-02
9.462229932187000286e-04
1.403564106607759973e-02
1.261630657624700051e-03
1.103926825421700040e-03
1.261630657624700051e-03
6.308153288127999695e-04
9.462229932187000286e-04
1.419334489827700062e-03
9.462229932187000286e-04
7.885191610157000174e-04
1.419334489828599950e-03
1.577038322031499998e-03
4.731114966098000124e-04
1.261630657625599939e-03
1.103926825421700040e-03
1.419334489827700062e-03
1.577038322030599894e-03
1.734742154234500009e-03
1.577038322030599894e-03
1.734742154234500009e-03
1.419334489827700062e-03
1.103926825422599928e-03
1.577038322031499998e-03
6.308153288127999695e-04
1.419334489828599950e-03
9.462229932187000286e-04
4.731114966093800250e-03
1.214319507964099938e-02
4.731114966093800250e-03
1.577038322031499998e-03
1.214319507964099938e-02
1.577038322031499998e-03
1.734742154234500009e-03
1.971297902539029950e-02
1.324712190506189928e-02
1.419334489827700062e-03
9.462229932187000286e-04
1.987068285759319847e-02
1.577038322031499998e-03
4.731114966098000124e-04
1.892445986437500021e-03
1.419334489828599950e-03
1.103926825422599928e-03
1.261630657625599939e-03
4.731114966098000124e-04
3.154076644068000011e-04
1.419334489828599950e-03
1.103926825422599928e-03
1.261630657625599939e-03
3.154076644068000011e-04
1.939757136098430035e-02
9.462229932187000286e-04
4.731114966098000124e-04
1.103926825421700040e-03
1.103926825422599928e-03
9.462229932187000286e-04
1.261630657625599939e-03
4.888818798296799828e-03
1.245860274404700027e-02
4.888818798296799828e-03
1.245860274404700027e-02
1.261630657625599939e-03
1.230089891184400069e-02
1.577038322031499998e-03
1.419334489828599950e-03
1.230089891184400069e-02
1.419334489828599950e-03
1.577038322031499998e-03
4.888818798296799828e-03
1.577038322031499998e-03
1.119697208642130015e-02
1.419334489828599950e-03
2.018609052200009968e-02
9.462229932187000286e-04
1.261630657625599939e-03
1.577038322031499998e-03
1.261630657625599939e-03
1.419334489828599950e-03
1.261630657625599939e-03
1.419334489828599950e-03
1.261630657625599939e-03
1.103926825422599928e-03
1.261630657625599939e-03
1.103926825422599928e-03
1.261630657625599939e-03
1.103926825422599928e-03
2.885980129317109941e-02
3.784891972874990240e-02
1.577038322031499998e-03
1.261630657625599939e-03
1.103926825422599928e-03
2.885980129317109941e-02
1.103926825422599928e-03
3.784891972874990240e-02
1.103926825422599928e-03
1.819902223624036974e-01
1.577038322037999899e-04
1.261630657625599939e-03
1.419334489828599950e-03
2.885980129317109941e-02
3.784891972874990240e-02
1.103926825422599928e-03
1.261630657625599939e-03
2.885980129317109941e-02
3.784891972874990240e-02
6.308153288127999695e-04
4.731114966098000124e-04
6.308153288127999695e-04
1.103926825421700040e-03
9.462229932187000286e-04
4.731114966098000124e-04
6.308153288127999695e-04
4.731114966098000124e-04
7.885191610157000174e-04
6.308153288127999695e-04
1.261630657624700051e-03
7.885191610157000174e-04
9.462229932187000286e-04
7.885191610157000174e-04
4.731114966098000124e-04
7.885191610157000174e-04
4.731114966098000124e-04
6.308153288127999695e-04
4.731114966089000162e-04
4.731114966098000124e-04
6.308153288127999695e-04
4.731114966089000162e-04
7.885191610157000174e-04
6.308153288127999695e-04
6.308153288118999733e-04
1.419334489828599950e-03
9.462229932187000286e-04
1.103926825422599928e-03
1.103926825421700040e-03
6.308153288127999695e-04
1.261630657624700051e-03
4.573411133889900351e-03
9.304526099983799481e-03
4.573411133889900351e-03
9.304526099983799481e-03
1.419334489827700062e-03
1.577038322030599894e-03
2.822898596435920171e-02
1.577038322030599894e-03
1.419334489827700062e-03
1.577038322030599894e-03
1.103926825421700040e-03
1.419334489828599950e-03
1.577038322031499998e-03
3.784891972874990240e-02
1.419334489828599950e-03
1.577038322031499998e-03
1.419334489828599950e-03
1.734742154234500009e-03
1.577038322031499998e-03
1.734742154234500009e-03
1.577038322031499998e-03
1.734742154234500009e-03
1.577038322031499998e-03
1.025074909320350044e-02
3.784891972874990240e-02
9.462229932187699380e-03
1.908216369657839834e-02
1.577038322031499998e-03
1.419334489828599950e-03
1.577038322031499998e-03
1.261630657624700051e-03
1.419334489827700062e-03
9.462229932187000286e-04
1.577038322031499998e-03
9.462229932187699380e-03
1.577038322028999936e-04
7.885191610157000174e-04
1.577038322031499998e-03
1.892445986438399909e-03
3.942595805078000053e-03
0.000000000000000000e+00
3.154076644068000011e-04
4.731114966098000124e-04
2.996372811859199844e-03
8.200599274561999261e-03
9.462229932187000286e-04
3.469484308468199878e-03
9.462229932187000286e-04
8.042895442359100297e-03
1.261630657624700051e-03
1.103926825421700040e-03
1.261630657624700051e-03
1.103926825421700040e-03
9.462229932187000286e-04
2.365557483047299979e-03
2.523261315250299990e-03
2.964832045418689874e-02
1.261630657624700051e-03
1.734742154234500009e-03
1.261630657624700051e-03
1.119697208642220047e-02
1.908216369657839834e-02
8.516006938968900472e-03
1.908216369657839834e-02
1.103926825421700040e-03
9.462229932187000286e-04
1.103926825421700040e-03
1.577038322031499998e-03
1.261630657624700051e-03
1.577038322031499998e-03
1.734742154234500009e-03
1.103926825421700040e-03
1.261630657624700051e-03
1.119697208642220047e-02
1.908216369657839834e-02
1.261630657624700051e-03
1.577038322031499998e-03
1.261630657624700051e-03
1.734742154234500009e-03
1.577038322031499998e-03
1.419334489827700062e-03
1.261630657624700051e-03
1.419334489827700062e-03
1.261630657624700051e-03
1.419334489827700062e-03
1.103926825421700040e-03
9.777637596593599656e-03
1.261630657624700051e-03
1.103926825421700040e-03
1.419334489827700062e-03
1.261630657624700051e-03
9.462229932187000286e-04
1.419334489827700062e-03
1.261630657624700051e-03
1.419334489827700062e-03
1.261630657624700051e-03
1.103926825421700040e-03
1.419334489827700062e-03
1.261630657624700051e-03
1.419334489827700062e-03
1.103926825421700040e-03
9.462229932187000286e-04
7.885191610157000174e-04
9.462229932187000286e-04
9.777637596593599656e-03
1.261630657624700051e-03
1.103926825421700040e-03
9.462229932187000286e-04
1.261630657624700051e-03
7.885191610157000174e-04
9.462229932187000286e-04
1.103926825421700040e-03
6.308153288118999733e-04
7.569783945750099829e-03
2.996372811859199844e-03
7.569783945750099829e-03
9.462229932187000286e-04
7.569783945750099829e-03
2.996372811859199844e-03
1.103926825422599928e-03
7.569783945750099829e-03
2.996372811859199844e-03
1.103926825422599928e-03
1.734742154234500009e-03
1.892445986437500021e-03
2.050149818640499815e-03
1.419334489828599950e-03
1.103926825421700040e-03
1.892445986437500021e-03
1.734742154234500009e-03
1.261630657625599939e-03
1.419334489828599950e-03
1.734742154234500009e-03
9.619933764390600078e-03
1.734742154234500009e-03
1.892445986437500021e-03
9.619933764390600078e-03
1.734742154234500009e-03
1.892445986437500021e-03
1.734742154234500009e-03
1.892445986437500021e-03
9.619933764390600078e-03
6.308153288127999695e-04
1.734742154234500009e-03
1.892445986437500021e-03
1.419334489828599950e-03
1.734742154234500009e-03
1.734742154233599905e-03
1.892445986437500021e-03
9.935341428796599234e-03
1.734742154234500009e-03
1.892445986437500021e-03
1.734742154234500009e-03
1.892445986437500021e-03
1.734742154234500009e-03
1.892445986437500021e-03
9.777637596593599656e-03
7.885191610157000174e-04
1.419334489828599950e-03
1.261630657625599939e-03
1.419334489828599950e-03
1.261630657625599939e-03
2.680965147453300002e-03
1.577038322031499998e-03
2.365557483046400091e-03
1.261630657625599939e-03
6.938968616937300077e-03
1.261630657624700051e-03
1.892445986437500021e-03
1.419334489828599950e-03
1.103926825422599928e-03
1.277401040845379913e-02
1.419334489828599950e-03
1.103926825422599928e-03
1.892445986437500021e-03
1.103926825421700040e-03
1.419334489828599950e-03
1.796246648793562994e-01
9.462229932196000249e-04
1.261630657624700051e-03
1.789938495505443983e-01
1.734742154234500009e-03
1.103926825422599928e-03
1.789938495505443983e-01
7.885191610157000174e-04
6.308153288127999695e-04
7.885191610157000174e-04
1.419334489828599950e-03
2.192083267623379933e-02
7.885191610157000174e-04
1.103926825422599928e-03
1.419334489828599950e-03
9.462229932187000286e-04
1.789938495505443983e-01
1.103926825421700040e-03
9.462229932187000286e-04
3.469484308469100199e-03
1.577038322031499998e-03
1.103926825422599928e-03
9.462229932196000249e-04
1.577038322031499998e-03
1.103926825422599928e-03
1.261630657625599939e-03
1.577038322031499998e-03
1.419334489828599950e-03
1.261630657625599939e-03
1.419334489828599950e-03
1.261630657625599939e-03
1.789938495505443983e-01
1.261630657625599939e-03
1.419334489828599950e-03
1.261630657625599939e-03
1.419334489828599950e-03
1.293171424065680045e-02
1.908216369657839834e-02
1.261630657625599939e-03
1.103926825422599928e-03
1.261630657625599939e-03
7.096672449140299654e-03
1.261630657625599939e-03
1.419334489828599950e-03
1.103926825422599928e-03
1.908216369657839834e-02
1.261630657625599939e-03
1.419334489828599950e-03
1.261630657625599939e-03
1.419334489828599950e-03
1.261630657625599939e-03
1.103926825422599928e-03
7.096672449140299654e-03
1.908216369657839834e-02
1.103926825422599928e-03
1.277401040845379913e-02
1.908216369657839834e-02
1.261630657625599939e-03
1.277401040845379913e-02
1.419334489828599950e-03
1.103926825421700040e-03
2.680965147453300002e-03
1.419334489828599950e-03
2.523261315250299990e-03
7.885191610157000174e-04
1.103926825421700040e-03
1.261630657624700051e-03
9.462229932187000286e-04
1.261630657624700051e-03
2.113231351521800000e-02
1.103926825421700040e-03
9.462229932187000286e-04
1.103926825421700040e-03
1.419334489827700062e-03
1.892445986437500021e-03
7.885191610157000174e-04
1.103926825421700040e-03
9.462229932187000286e-04
7.885191610148000211e-04
4.731114966089000162e-04
1.103926825422599928e-03
6.308153288127999695e-04
9.462229932187000286e-04
1.103926825421700040e-03
1.167008358303119921e-02
1.419334489828599950e-03
1.261630657624700051e-03
1.103926825421700040e-03
2.523261315250299990e-03
1.261630657624700051e-03
7.727487777953100274e-03
1.908216369657839834e-02
1.103926825421700040e-03
1.261630657624700051e-03
1.103926825421700040e-03
6.308153288127999695e-04
1.103926825421700040e-03
2.207853650843499826e-03
9.462229932187000286e-04
1.103926825421700040e-03
1.198549124743799980e-02
1.908216369657839834e-02
7.727487777953100274e-03
1.908216369657839834e-02
9.462229932187000286e-04
1.103926825421700040e-03
9.462229932187000286e-04
6.308153288127999695e-04
9.462229932187000286e-04
1.577038322031499998e-03
2.207853650843499826e-03
1.261630657624700051e-03
7.885191610157000174e-04
9.462229932187000286e-04
1.419334489828599950e-03
2.207853650843499826e-03
1.103926825422599928e-03
2.207853650843499826e-03
1.103926825421700040e-03
9.462229932187000286e-04
1.261630657625599939e-03
9.462229932187000286e-04
1.103926825422599928e-03
9.462229932187000286e-04
1.277401040845379913e-02
1.261630657624700051e-03
1.908216369657839834e-02
1.103926825422599928e-03
1.577038322031499998e-03
1.419334489828599950e-03
6.938968616937300077e-03
1.908216369657839834e-02
1.277401040845379913e-02
1.908216369657839834e-02
1.261630657625599939e-03
1.103926825422599928e-03
1.261630657625599939e-03
1.419334489828599950e-03
1.277401040845379913e-02
1.908216369657839834e-02
7.254376281344200421e-03
1.908216369657839834e-02
1.419334489828599950e-03
1.577038322031499998e-03
1.261630657625599939e-03
1.419334489828599950e-03
1.103926825422599928e-03
1.151237975082819963e-02
1.261630657625599939e-03
9.462229932187000286e-04
6.308153288127999695e-04
9.462229932187000286e-04
1.103926825421700040e-03
9.462229932187000286e-04
1.103926825421700040e-03
1.277401040845290055e-02
6.308153288127999695e-04
1.103926825421700040e-03
6.308153288127999695e-04
7.885191610157000174e-04
6.308153288127999695e-04
1.103926825421700040e-03
9.462229932187000286e-04
1.103926825421700040e-03
1.261630657624700051e-03
1.103926825422599928e-03
1.419334489828599950e-03
9.462229932187000286e-04
6.308153288118999733e-04
1.261630657625599939e-03
9.462229932187000286e-04
2.523261315250299990e-03
9.462229932187000286e-04
7.885191610157000174e-04
1.261630657625599939e-03
1.103926825421700040e-03
6.308153288127999695e-04
7.885191610157000174e-04
1.103926825421700040e-03
6.308153288127999695e-04
4.731114966098000124e-04
7.885191610157000174e-04
9.462229932187000286e-04
7.885191610157000174e-04
9.462229932187000286e-04
4.731114966089000162e-04
7.885191610157000174e-04
4.731114966089000162e-04
7.885191610157000174e-04
1.640119854912500119e-02
9.462229932187000286e-04
1.577038322031499998e-03
7.885191610148000211e-04
6.308153288127999695e-04
1.577038322031499998e-03
7.885191610148000211e-04
1.103926825421700040e-03
7.885191610157000174e-04
9.462229932187000286e-04
7.885191610157000174e-04
1.103926825421700040e-03
9.462229932187000286e-04
1.103926825421700040e-03
9.462229932187000286e-04
1.103926825421700040e-03
9.462229932187000286e-04
7.885191610157000174e-04
1.577038322031499998e-03
1.734742154234500009e-03
1.261630657624700051e-03
9.462229932187000286e-04
1.261630657624700051e-03
7.885191610157000174e-04
1.734742154234500009e-03
1.261630657624700051e-03
7.885191610157000174e-04
9.462229932187000286e-04
7.885191610157000174e-04
9.462229932187000286e-04
7.885191610157000174e-04
6.308153288127999695e-04
7.885191610157000174e-04
6.308153288127999695e-04
1.261630657625599939e-03
4.731114966098000124e-04
1.419334489827700062e-03
1.261630657624989924e-02
7.885191610157000174e-04
9.462229932187000286e-04
4.731114966098000124e-04
7.885191610157000174e-04
9.462229932187000286e-04
7.885191610157000174e-04
6.308153288127999695e-04
7.885191610157000174e-04
6.308153288127999695e-04
7.885191610157000174e-04
9.462229932187000286e-04
7.885191610157000174e-04
9.462229932187000286e-04
4.731114966098000124e-04
6.308153288127999695e-04
2.081690585081200084e-02
6.308153288127999695e-04
9.462229932196000249e-04
4.731114966098000124e-04
9.462229932187000286e-04
4.731114966098000124e-04
1.261630657625599939e-03
4.731114966098000124e-04
6.308153288127999695e-04
4.731114966098000124e-04
3.154076644059000049e-04
7.885191610157000174e-04
3.311780476266100188e-03
9.462229932187000286e-04
1.892445986438399909e-03
1.513956789150030027e-02
9.462229932196000249e-04
6.308153288127999695e-04
1.103926825421700040e-03
9.462229932187000286e-04
7.885191610157000174e-04
9.462229932187000286e-04
1.261630657624700051e-03
7.885191610157000174e-04
1.261630657624700051e-03
2.680965147453300002e-03
7.885191610157000174e-04
9.462229932187000286e-04
1.577038322031499998e-03
7.885191610157000174e-04
1.261630657625599939e-03
1.103926825422599928e-03
9.462229932187000286e-04
7.885191610157000174e-04
9.462229932196000249e-04
7.885191610157000174e-04
9.462229932196000249e-04
1.103926825422599928e-03
9.462229932187000286e-04
7.885191610157000174e-04
9.462229932196000249e-04
7.885191610157000174e-04
9.462229932187000286e-04
7.885191610157000174e-04
9.462229932196000249e-04
1.103926825422599928e-03
9.462229932196000249e-04
1.103926825422599928e-03
7.885191610157000174e-04
9.462229932196000249e-04
9.462229932187000286e-04
7.885191610157000174e-04
9.462229932196000249e-04
1.103926825422599928e-03
9.462229932187000286e-04
4.731114966098000124e-04
6.308153288127999695e-04
9.462229932187000286e-04
7.885191610157000174e-04
9.462229932187000286e-04
7.885191610157000174e-04
1.103926825421700040e-03
7.885191610157000174e-04
1.419334489828599950e-03
0.000000000000000000e+00
7.885191610157000174e-04
6.308153288127999695e-04
9.462229932187000286e-04
4.731114966098000124e-04
1.103926825422599928e-03
6.308153288127999695e-04
1.261630657625599939e-03
7.885191610157000174e-04
1.103926825422599928e-03
7.885191610157000174e-04
1.261630657625599939e-03
4.731114966098000124e-04
6.308153288127999695e-04
9.462229932187000286e-04
7.885191610157000174e-04
1.103926825421700040e-03
6.308153288127999695e-04
7.885191610157000174e-04
2.365557483047299979e-03
4.731114966098000124e-04
1.577038322037999899e-04
6.308153288127999695e-04
7.885191610157000174e-04
1.734742154234500009e-03
6.308153288127999695e-04
7.885191610157000174e-04
6.308153288127999695e-04
1.419334489828599950e-03
6.308153288127999695e-04
4.731114966098000124e-04
1.103926825421700040e-03
3.311780476266100188e-03
6.308153288127999695e-04
4.731114966098000124e-04
1.577038322031499998e-03
3.469484308468760020e-02
9.462229932187000286e-04
1.577038322031499998e-03
6.308153288127999695e-04
4.731114966089000162e-04
9.462229932187000286e-04
7.885191610157000174e-04
6.308153288118999733e-04
9.462229932196000249e-04
4.731114966098000124e-04
7.885191610157000174e-04
2.081690585081200084e-02
7.885191610157000174e-04
1.261630657625599939e-03
9.462229932196000249e-04
1.261630657624700051e-03
1.261630657625599939e-03
9.146822267780799903e-03
1.908216369657839834e-02
1.419334489828599950e-03
9.462229932187000286e-04
1.829364453556259901e-02
7.885191610157000174e-04
9.462229932187000286e-04
7.885191610157000174e-04
9.462229932187000286e-04
7.885191610157000174e-04
4.731114966089000162e-04
1.103926825421700040e-03
2.365557483047299979e-03
7.885191610157000174e-04
4.731114966098000124e-04
9.462229932187000286e-04
4.731114966098000124e-04
1.892445986437500021e-03
4.731114966098000124e-04
3.154076644068000011e-04
4.731114966098000124e-04
9.462229932187000286e-04
2.523261315250299990e-03
1.103926825421700040e-03
4.415707301687800228e-03
1.577038322031499998e-03
7.885191610157000174e-04
9.462229932187000286e-04
1.103926825421700040e-03
8.358303106765899160e-03
9.462229932187000286e-04
1.103926825421700040e-03
3.784891972875000041e-03
3.154076644059000049e-04
3.248698943384319832e-02
9.462229932187000286e-04
7.885191610157000174e-04
1.103926825421700040e-03
7.885191610148000211e-04
1.261630657625599939e-03
7.885191610148000211e-04
6.308153288118999733e-04
1.261630657625599939e-03
7.885191610157000174e-04
4.731114966089000162e-04
9.462229932187000286e-04
7.885191610157000174e-04
6.308153288127999695e-04
1.103926825421700040e-03
7.885191610157000174e-04
9.462229932187000286e-04
7.885191610157000174e-04
1.261630657624700051e-03
9.462229932187000286e-04
1.419334489827700062e-03
9.462229932187000286e-04
1.103926825421700040e-03
7.885191610157000174e-04
1.103926825421700040e-03
9.462229932187000286e-04
1.103926825421700040e-03
2.160542501182780017e-02
1.103926825421700040e-03
1.419334489827700062e-03
1.103926825421700040e-03
9.462229932187000286e-04
6.308153288127999695e-04
1.261630657624700051e-03
7.885191610157000174e-04
1.277401040845290055e-02
7.885191610157000174e-04
2.160542501182780017e-02
7.885191610157000174e-04
1.261630657624700051e-03
1.277401040845290055e-02
1.103926825421700040e-03
9.462229932187000286e-04
7.885191610157000174e-04
1.482416022709340080e-02
9.462229932196000249e-04
1.103926825422599928e-03
7.885191610157000174e-04
9.462229932187000286e-04
7.885191610157000174e-04
9.462229932196000249e-04
1.103926825422599928e-03
1.577038322031499998e-03
9.462229932187000286e-04
3.248698943384319832e-02
7.885191610157000174e-04
9.462229932187000286e-04
7.885191610157000174e-04
9.462229932187000286e-04
7.885191610157000174e-04
1.261630657624700051e-03
9.462229932187000286e-04
7.885191610157000174e-04
9.462229932187000286e-04
1.277401040845290055e-02
6.308153288118999733e-04
9.462229932187000286e-04
3.154076644059000049e-04
4.731114966089000162e-04
4.100299637281899952e-03
7.885191610157000174e-04
3.154076644059000049e-04
1.577038322028999936e-04
3.154076644059000049e-04
2.192083267623379933e-02
3.154076644059000049e-04
4.731114966089000162e-04
6.308153288127999695e-04
7.885191610157000174e-04
9.462229932187000286e-04
3.154076644068000011e-04
9.462229932187000286e-04
8.200599274562899582e-03
1.734742154234500009e-03
7.885191610157000174e-04
1.261630657625599939e-03
1.103926825422599928e-03
1.261630657625599939e-03
7.885191610157000174e-04
6.308153288127999695e-04
3.248698943384319832e-02
1.261630657624700051e-03
1.103926825421700040e-03
9.462229932187000286e-04
7.885191610157000174e-04
9.462229932187000286e-04
7.885191610157000174e-04
6.308153288127999695e-04
7.885191610157000174e-04
2.050149818640499815e-03
9.462229932187000286e-04
3.248698943384319832e-02
1.103926825421700040e-03
4.731114966089000162e-04
6.308153288118999733e-04
2.050149818640499815e-03
7.885191610148000211e-04
1.734742154233599905e-03
9.462229932187000286e-04
1.734742154233599905e-03
1.103926825421700040e-03
1.245860274404700027e-02
9.462229932187000286e-04
7.885191610148000211e-04
9.462229932187000286e-04
1.261630657624700051e-03
7.885191610157000174e-04
9.462229932187000286e-04
1.214319507964010079e-02
7.885191610157000174e-04
3.248698943384319832e-02
9.462229932187000286e-04
7.885191610157000174e-04
1.103926825422599928e-03
1.103926825421700040e-03
9.462229932187000286e-04
7.885191610157000174e-04
1.261630657625599939e-03
1.103926825422599928e-03
7.885191610157000174e-04
1.261630657624700051e-03
9.462229932187000286e-04
3.248698943384319832e-02
9.462229932187000286e-04
1.103926825421700040e-03
7.885191610157000174e-04
2.144772117962480060e-02
1.103926825421700040e-03
1.734742154234500009e-03
1.261630657625599939e-03
2.129001734742190163e-02
1.103926825421700040e-03
9.462229932187000286e-04
2.365557483046400091e-03
9.462229932187000286e-04
6.308153288127999695e-04
1.261630657624700051e-03
9.462229932187000286e-04
1.103926825421700040e-03
4.731114966098000124e-04
1.103926825421700040e-03
6.308153288127999695e-04
7.885191610157000174e-04
9.462229932187000286e-04
7.885191610157000174e-04
6.308153288127999695e-04
7.885191610157000174e-04
1.103926825421700040e-03
9.462229932187000286e-04
7.885191610157000174e-04
9.462229932187000286e-04
1.577038322031499998e-03
1.261630657625599939e-03
9.462229932187000286e-04
1.908216369657839834e-02
1.419334489828599950e-03
9.462229932187000286e-04
7.885191610157000174e-04
3.248698943384319832e-02
9.462229932187000286e-04
7.885191610157000174e-04
9.462229932187000286e-04
4.731114966098000124e-04
6.308153288127999695e-04
7.885191610157000174e-04
9.462229932187000286e-04
1.103926825421700040e-03
9.462229932187000286e-04
1.103926825422599928e-03
9.462229932187000286e-04
7.885191610157000174e-04
4.731114966098000124e-04
9.462229932187000286e-04
1.245860274404700027e-02
9.462229932187000286e-04
7.885191610157000174e-04
9.462229932187000286e-04
7.885191610157000174e-04
1.261630657625599939e-03
7.885191610157000174e-04
6.308153288127999695e-04
7.885191610157000174e-04
6.308153288127999695e-04
9.462229932187000286e-04
1.261630657624700051e-03
1.103926825421700040e-03
9.462229932187000286e-04
1.103926825421700040e-03
2.680965147452400114e-03
9.462229932187000286e-04
7.885191610157000174e-04
9.462229932187000286e-04
1.261630657624700051e-03
1.103926825421700040e-03
9.462229932187000286e-04
2.081690585081200084e-02
7.885191610157000174e-04
9.462229932187000286e-04
1.103926825421700040e-03
1.261630657624700051e-03
1.103926825421700040e-03
9.462229932187000286e-04
1.103926825421700040e-03
1.261630657624700051e-03
8.673710771171900050e-03
1.908216369657839834e-02
1.103926825421919916e-02
9.462229932187000286e-04
1.103926825421700040e-03
9.462229932187000286e-04
1.908216369657839834e-02
9.462229932187000286e-04
1.103926825421700040e-03
9.462229932187000286e-04
2.081690585081200084e-02
7.885191610157000174e-04
9.462229932187000286e-04
1.103926825421700040e-03
9.462229932187000286e-04
1.103926825421700040e-03
9.462229932187000286e-04
1.103926825421700040e-03
9.462229932187000286e-04
7.885191610157000174e-04
9.462229932187000286e-04
7.885191610157000174e-04
6.308153288127999695e-04
9.462229932187000286e-04
6.308153288127999695e-04
3.248698943384319832e-02
1.103926825421700040e-03
9.462229932187000286e-04
7.885191610157000174e-04
9.462229932187000286e-04
6.308153288127999695e-04
1.577038322037999899e-04
4.731114966098000124e-04
4.731114966089000162e-04
7.885191610157000174e-04
9.462229932187000286e-04
3.154076644068000011e-04
1.103926825421700040e-03
7.885191610157000174e-04
4.731114966098000124e-04
2.207853650843499826e-03
9.462229932187000286e-04
6.308153288127999695e-04
9.146822267781700225e-03
4.731114966098000124e-04
1.103926825421700040e-03
6.308153288127999695e-04
7.885191610157000174e-04
6.308153288127999695e-04
7.885191610157000174e-04
1.261630657624700051e-03
1.103926825421700040e-03
4.415707301687800228e-03
9.462229932187000286e-04
6.308153288127999695e-04
4.731114966089000162e-04
3.154076644059000049e-04
4.731114966089000162e-04
6.308153288127999695e-04
7.885191610157000174e-04
6.308153288127999695e-04
9.462229932187000286e-04
1.577038322028999936e-04
9.462229932187000286e-04
4.731114966098000124e-04
1.103926825422599928e-03
1.419334489828599950e-03
1.261630657625599939e-03
1.103926825421700040e-03
6.308153288127999695e-04
9.462229932187000286e-04
7.885191610148000211e-04
9.462229932187000286e-04
7.885191610157000174e-04
1.103926825421700040e-03
2.097460968301500042e-02
1.103926825421700040e-03
1.608579088471820059e-02
9.462229932187000286e-04
7.885191610157000174e-04
9.462229932187000286e-04
1.103926825421700040e-03
7.885191610157000174e-04
2.129001734742190163e-02
1.103926825421700040e-03
7.885191610157000174e-04
9.462229932187000286e-04
1.103926825421700040e-03
6.308153288127999695e-04
7.885191610157000174e-04
6.308153288118999733e-04
1.103926825422599928e-03
9.462229932187000286e-04
3.154076644059000049e-04
4.731114966098000124e-04
7.885191610157000174e-04
3.154076644068000011e-04
8.358303106765899160e-03
9.462229932187000286e-04
6.308153288127999695e-04
7.885191610157000174e-04
9.462229932187000286e-04
1.103926825421700040e-03
9.462229932187000286e-04
1.419334489827700062e-03
9.462229932187000286e-04
2.129001734742190163e-02
7.885191610157000174e-04
1.419334489827700062e-03
7.885191610157000174e-04
1.261630657624700051e-03
9.462229932187000286e-04
1.103926825421700040e-03
6.308153288127999695e-04
9.462229932187000286e-04
1.103926825421700040e-03
7.885191610157000174e-04
6.308153288127999695e-04
4.731114966089000162e-04
6.308153288127999695e-04
1.103926825422599928e-03
1.103926825421700040e-03
1.261630657624700051e-03
9.462229932187000286e-04
1.103926825421700040e-03
1.261630657624700051e-03
7.885191610157000174e-04
9.462229932187000286e-04
1.103926825421700040e-03
7.885191610148000211e-04
9.462229932187000286e-04
1.103926825422599928e-03
4.731114966089000162e-04
4.731114966093800250e-03
1.103926825422599928e-03
1.261630657625599939e-03
1.577038322031499998e-03
1.198549124743709948e-02
7.885191610157000174e-04
1.261630657624700051e-03
9.462229932187000286e-04
7.885191610157000174e-04
9.462229932187000286e-04
1.892445986437500021e-03
2.838668979656300013e-03
9.462229932187000286e-04
2.680965147453300002e-03
4.731114966098000124e-04
4.731114966089000162e-04
7.885191610157000174e-04
4.731114966089000162e-04
7.885191610157000174e-04
1.261630657624700051e-03
7.885191610157000174e-04
9.462229932187000286e-04
7.885191610157000174e-04
1.419334489827700062e-03
1.261630657624700051e-03
7.727487777953100274e-03
1.261630657624700051e-03
1.103926825421700040e-03
1.261630657624700051e-03
9.462229932187000286e-04
7.885191610157000174e-04
1.103926825421700040e-03
1.261630657624700051e-03
9.462229932187000286e-04
1.103926825421700040e-03
1.261630657624700051e-03
1.340482573726570030e-02
1.103926825421700040e-03
7.885191610157000174e-04
1.261630657624700051e-03
1.908216369657839834e-02
1.103926825421700040e-03
1.261630657624700051e-03
1.088156442201539988e-02
1.103926825421700040e-03
1.261630657624700051e-03
7.885191610157000174e-04
3.154076644059000049e-04
1.577038322028999936e-04
1.103926825422599928e-03
1.261630657625599939e-03
1.734742154234500009e-03
1.261630657625599939e-03
6.938968616938200398e-03
1.103926825421700040e-03
9.462229932187000286e-04
1.103926825421700040e-03
1.261630657624700051e-03
7.885191610157000174e-04
1.103926825421700040e-03
7.885191610157000174e-04
6.308153288127999695e-04
7.885191610157000174e-04
1.103926825421700040e-03
6.308153288127999695e-04
6.308153288118999733e-04
1.261630657625599939e-03
1.103926825422599928e-03
1.261630657625599939e-03
7.885191610157000174e-04
1.419334489828599950e-03
1.103926825422599928e-03
4.731114966098000124e-04
6.308153288127999695e-04
1.103926825422599928e-03
6.308153288127999695e-04
1.103926825421700040e-03
9.462229932187000286e-04
1.103926825421700040e-03
1.577038322028999936e-04
9.462229932187000286e-04
1.103926825421700040e-03
9.462229932187000286e-04
7.885191610157000174e-04
9.462229932187000286e-04
7.885191610157000174e-04
9.462229932187000286e-04
1.103926825421700040e-03
1.577038322028999936e-04
1.261630657624700051e-03
3.154076644059000049e-04
9.462229932187000286e-04
3.437943542028080307e-02
3.154076644059000049e-04
9.462229932187000286e-04
6.308153288127999695e-04
7.885191610157000174e-04
9.462229932187000286e-04
1.103926825421700040e-03
1.419334489828599950e-03
1.261630657624700051e-03
1.103926825421700040e-03
1.419334489827700062e-03
2.475950165589009891e-02
1.419334489827700062e-03
1.482416022709429938e-02
1.419334489827700062e-03
2.255164800504750114e-02
1.419334489827700062e-03
6.308153288127999695e-04
9.462229932187000286e-04
2.680965147453300002e-03
1.261630657624700051e-03
9.462229932187000286e-04
1.103926825421700040e-03
2.475950165589009891e-02
9.462229932187000286e-04
1.577038322031499998e-03
1.103926825421700040e-03
9.462229932187000286e-04
3.437943542028080307e-02
1.419334489827700062e-03
1.734742154234500009e-03
1.482416022709429938e-02
9.462229932187000286e-04
2.255164800504750114e-02
1.261630657624700051e-03
2.475950165589009891e-02
1.103926825421700040e-03
2.397098249487429958e-02
9.462229932187000286e-04
1.103926825421700040e-03
9.462229932187000286e-04
1.103926825421700040e-03
9.462229932187000286e-04
1.261630657624700051e-03
1.103926825421700040e-03
1.419334489827700062e-03
1.103926825421700040e-03
2.475950165589009891e-02
1.103926825421700040e-03
1.261630657624700051e-03
1.103926825421700040e-03
1.261630657624700051e-03
1.482416022709429938e-02
2.255164800504750114e-02
3.154076644059000049e-04
1.419334489828599950e-03
1.994953477369496020e-01
9.462229932187000286e-04
1.103926825421700040e-03
9.462229932187000286e-04
1.103926825421700040e-03
9.462229932187000286e-04
1.103926825421700040e-03
1.261630657624700051e-03
1.103926825421700040e-03
9.462229932187000286e-04
6.308153288127999695e-04
9.462229932187000286e-04
1.261630657624700051e-03
6.308153288127999695e-04
2.412868632707729916e-02
1.261630657624700051e-03
9.462229932187000286e-04
1.103926825421700040e-03
2.680965147453300002e-03
6.308153288118999733e-04
7.885191610157000174e-04
2.475950165589009891e-02
9.462229932187000286e-04
6.308153288118999733e-04
9.462229932187000286e-04
1.103926825421700040e-03
9.462229932187000286e-04
3.154076644059000049e-04
1.419334489827700062e-03
4.731114966098000124e-04
3.154076644059000049e-04
6.308153288127999695e-04
4.731114966098000124e-04
7.885191610157000174e-04
3.469484308469100199e-03
1.261630657624700051e-03
7.885191610157000174e-04
4.731114966098000124e-04
2.207853650843499826e-03
1.103926825421700040e-03
9.462229932187000286e-04
6.308153288118999733e-04
1.892445986437500021e-03
6.308153288127999695e-04
3.469484308469100199e-03
7.885191610157000174e-04
6.308153288127999695e-04
6.308153288118999733e-04
6.308153288127999695e-04
7.885191610157000174e-04
9.462229932196000249e-04
7.885191610157000174e-04
1.103926825422599928e-03
9.462229932196000249e-04
6.308153288127999695e-04
4.731114966098000124e-04
6.308153288127999695e-04
1.577038322037999899e-04
4.731114966098000124e-04
7.885191610157000174e-04
3.154076644068000011e-04
7.885191610157000174e-04
4.731114966098000124e-04
6.308153288127999695e-04
1.734742154233599905e-03
6.308153288127999695e-04
7.885191610157000174e-04
9.462229932196000249e-04
9.462229932187000286e-04
1.103926825421700040e-03
6.308153288118999733e-04
7.885191610157000174e-04
1.103926825422599928e-03
9.462229932187000286e-04
1.261630657625599939e-03
4.731114966098000124e-04
1.103926825421700040e-03
4.731114966098000124e-04
7.885191610157000174e-04
9.462229932187000286e-04
7.885191610157000174e-04
6.308153288127999695e-04
7.885191610157000174e-04
9.462229932187000286e-04
1.103926825421700040e-03
7.885191610157000174e-04
6.308153288127999695e-04
3.154076644068000011e-04
9.462229932187000286e-04
6.308153288127999695e-04
4.731114966098000124e-04
3.154076644059000049e-04
4.731114966098000124e-04
7.885191610157000174e-04
3.750197129790249773e-01
4.731114966098000124e-04
2.207853650843499826e-03
7.885191610157000174e-04
1.892445986437500021e-03
1.103926825421700040e-03
9.462229932187000286e-04
1.103926825421700040e-03
9.462229932187000286e-04
1.624349471692200161e-02
9.462229932187000286e-04
1.103926825421700040e-03
1.261630657624700051e-03
9.462229932187000286e-04
7.885191610157000174e-04
1.103926825421700040e-03
7.885191610157000174e-04
2.255164800504750114e-02
1.103926825422599928e-03
6.308153288127999695e-04
1.752089575776692998e-01
9.462229932196000249e-04
7.885191610157000174e-04
9.462229932196000249e-04
7.885191610157000174e-04
9.462229932196000249e-04
6.308153288127999695e-04
4.731114966098000124e-04
9.462229932196000249e-04
7.885191610157000174e-04
6.308153288127999695e-04
4.731114966098000124e-04
6.308153288127999695e-04
7.885191610157000174e-04
6.308153288127999695e-04
9.462229932187000286e-04
6.308153288127999695e-04
1.577038322028999936e-04
9.462229932187000286e-04
2.010723860589812007e-01
6.308153288127999695e-04
7.885191610157000174e-04
3.154076644068000011e-04
4.731114966098000124e-04
7.885191610157000174e-04
2.207853650843499826e-03
7.885191610157000174e-04
6.308153288127999695e-04
9.462229932187000286e-04
1.103926825421700040e-03
9.462229932187000286e-04
1.103926825421700040e-03
9.462229932187000286e-04
6.308153288127999695e-04
7.885191610157000174e-04
6.308153288127999695e-04
9.462229932187000286e-04
4.731114966098000124e-04
1.103926825421700040e-03
7.885191610157000174e-04
1.103926825421700040e-03
7.885191610157000174e-04
2.838668979656300013e-03
9.462229932196000249e-04
9.462229932187000286e-04
2.207853650844299968e-03
1.419334489828599950e-03
7.885191610157000174e-04
1.103926825422599928e-03
1.261630657625599939e-03
9.462229932187000286e-04
7.885191610157000174e-04
1.103926825421700040e-03
7.885191610157000174e-04
1.261630657624700051e-03
1.103926825422599928e-03
4.731114966098000124e-04
9.462229932187000286e-04
7.885191610157000174e-04
9.462229932187000286e-04
0.000000000000000000e+00
1.261630657625599939e-03
7.885191610157000174e-04
9.462229932187000286e-04
6.308153288127999695e-04
9.462229932187000286e-04
1.103926825422599928e-03
1.261630657625599939e-03
7.885191610157000174e-04
1.103926825422599928e-03
1.261630657625599939e-03
1.103926825422599928e-03
1.261630657625599939e-03
2.110077274877777964e-01
2.680965147453300002e-03
1.261630657625599939e-03
1.103926825422599928e-03
1.261630657625599939e-03
2.013877937233871929e-01
1.103926825422599928e-03
1.261630657625599939e-03
1.419334489828599950e-03
1.103926825421700040e-03
1.261630657625599939e-03
9.462229932196000249e-04
1.103926825422599928e-03
2.015454975555900918e-01
1.103926825422599928e-03
1.261630657625599939e-03
1.419334489828599950e-03
1.261630657625599939e-03
1.655890238132800077e-02
3.784891972874990240e-02
1.103926825421919916e-02
9.462229932187000286e-04
9.462229932196000249e-04
1.103926825422599928e-03
9.462229932196000249e-04
1.103926825422599928e-03
7.885191610157000174e-04
4.731114966098000124e-04
9.462229932187000286e-04
1.261630657625599939e-03
6.308153288127999695e-04
4.731114966098000124e-04
7.885191610157000174e-04
6.308153288127999695e-04
2.020186090522000100e-01
1.103926825421700040e-03
9.462229932187000286e-04
1.103926825421700040e-03
9.462229932187000286e-04
4.731114966089000162e-04
6.308153288118999733e-04
6.308153288127999695e-04
4.731114966098000124e-04
1.734742154234500009e-03
6.308153288127999695e-04
9.462229932187000286e-04
4.731114966098000124e-04
9.462229932187000286e-04
6.308153288127999695e-04
7.885191610157000174e-04
9.462229932187000286e-04
6.308153288127999695e-04
7.885191610157000174e-04
9.462229932187000286e-04
6.308153288127999695e-04
4.731114966098000124e-04
3.154076644068000011e-04
3.154076644059000049e-04
6.308153288127999695e-04
2.996372811859379995e-02
7.885191610157000174e-04
1.103926825421700040e-03
3.154076644068000011e-04
9.462229932187000286e-04
2.081690585081289943e-02
7.885191610157000174e-04
1.261630657624700051e-03
6.308153288127999695e-04
9.462229932187000286e-04
7.885191610157000174e-04
2.996372811859379995e-02
7.885191610157000174e-04
9.462229932187000286e-04
3.154076644063100177e-03
2.680965147453300002e-03
1.103926825422599928e-03
9.462229932187000286e-04
1.103926825422599928e-03
1.261630657625599939e-03
1.261630657624700051e-03
1.103926825421700040e-03
7.885191610157000174e-04
1.261630657625599939e-03
1.419334489828599950e-03
6.308153288127999695e-04
9.462229932187000286e-04
2.081690585081289943e-02
7.885191610157000174e-04
1.103926825421700040e-03
1.419334489827700062e-03
1.103926825421700040e-03
1.261630657624700051e-03
1.103926825421700040e-03
1.072386058981240030e-02
1.103926825421700040e-03
1.261630657624700051e-03
1.103926825421700040e-03
2.996372811859379995e-02
1.261630657624700051e-03
9.462229932187000286e-04
7.885191610157000174e-04
1.261630657624700051e-03
1.103926825421700040e-03
1.103926825422599928e-03
7.885191610157000174e-04
6.308153288127999695e-04
4.731114966089000162e-04
4.731114966098000124e-04
7.885191610157000174e-04
6.308153288127999695e-04
7.885191610157000174e-04
9.462229932196000249e-04
1.103926825422599928e-03
7.885191610157000174e-04
1.261630657624700051e-03
9.462229932187000286e-04
7.885191610157000174e-04
1.261630657625599939e-03
9.462229932187000286e-04
9.777637596593599656e-03
7.885191610157000174e-04
9.462229932187000286e-04
1.261630657624700051e-03
9.462229932187699380e-03
6.308153288127999695e-04
9.462229932187000286e-04
6.308153288127999695e-04
1.103926825421700040e-03
2.207853650843499826e-03
6.308153288127999695e-04
7.885191610157000174e-04
9.462229932187000286e-04
1.103926825421700040e-03
3.154076644059000049e-04
9.462229932187000286e-04
2.144772117962480060e-02
1.419334489827700062e-03
1.103926825421700040e-03
1.419334489827700062e-03
1.577038322028999936e-04
9.462229932187000286e-04
7.885191610157000174e-04
9.462229932187000286e-04
7.885191610157000174e-04
9.462229932187000286e-04
1.419334489828599950e-03
1.103926825421700040e-03
9.462229932187000286e-04
6.938968616937300077e-03
1.892445986437500021e-03
6.308153288127999695e-04
1.577038322030599894e-03
4.731114966089000162e-04
7.885191610157000174e-04
1.103926825421700040e-03
6.308153288127999695e-04
4.731114966098000124e-04
6.308153288127999695e-04
4.731114966098000124e-04
9.462229932187000286e-04
1.577038322037999899e-04
7.885191610157000174e-04
4.731114966089000162e-04
7.096672449140299654e-03
6.308153288127999695e-04
9.462229932187000286e-04
6.308153288118999733e-04
3.154076644059000049e-04
6.308153288127999695e-04
7.412080113547100252e-03
7.885191610157000174e-04
9.777637596593599656e-03
1.103926825421700040e-03
1.261630657624700051e-03
9.462229932187000286e-04
7.885191610157000174e-04
1.577038322028999936e-04
9.462229932187000286e-04
6.308153288127999695e-04
1.103926825422599928e-03
1.577038322028999936e-04
4.731114966098000124e-04
7.412080113547100252e-03
6.308153288127999695e-04
7.885191610157000174e-04
9.462229932187000286e-04
1.103926825421700040e-03
6.308153288127999695e-04
7.885191610157000174e-04
9.462229932187000286e-04
1.103926825422599928e-03
1.261630657625599939e-03
4.731114966098000124e-04
7.885191610157000174e-04
1.261630657624700051e-03
7.885191610157000174e-04
1.103926825421700040e-03
4.731114966098000124e-04
9.462229932187000286e-04
7.885191610157000174e-04
6.308153288127999695e-04
7.885191610157000174e-04
9.462229932187000286e-04
2.680965147453300002e-03
1.103926825421700040e-03
6.308153288118999733e-04
1.103926825421700040e-03
6.308153288118999733e-04
7.885191610157000174e-04
1.103926825422599928e-03
4.731114966089000162e-04
1.261630657625599939e-03
7.885191610157000174e-04
6.308153288127999695e-04
9.462229932196000249e-04
7.885191610157000174e-04
9.462229932187000286e-04
1.261630657624700051e-03
9.462229932187000286e-04
1.419334489827700062e-03
1.103926825421700040e-03
1.261630657624700051e-03
1.103926825421700040e-03
1.261630657624700051e-03
1.103926825421700040e-03
1.261630657624700051e-03
1.103926825421700040e-03
1.261630657624700051e-03
1.103926825421700040e-03
1.261630657624700051e-03
1.103926825421700040e-03
1.261630657624700051e-03
7.885191610157000174e-04
1.103926825421700040e-03
2.523261315250299990e-03
1.261630657624700051e-03
9.462229932187000286e-04
7.885191610157000174e-04
1.419334489827700062e-03
9.462229932187000286e-04
6.308153288127999695e-04
1.103926825422599928e-03
1.103926825421700040e-03
1.577038322028999936e-04
9.462229932187000286e-04
1.103926825421700040e-03
1.577038322031499998e-03
1.261630657624700051e-03
1.419334489827700062e-03
1.103926825421700040e-03
1.261630657624700051e-03
1.734742154234500009e-03
1.261630657624700051e-03
1.103926825421700040e-03
1.103926825422599928e-03
1.261630657625599939e-03
1.103926825421700040e-03
1.577038322031499998e-03
9.462229932187000286e-04
6.308153288127999695e-04
7.885191610157000174e-04
6.308153288127999695e-04
1.892445986437500021e-03
8.200599274562899582e-03
9.462229932187000286e-04
7.885191610157000174e-04
7.885191610156100719e-03
1.103926825421700040e-03
9.462229932187000286e-04
7.885191610157000174e-04
9.462229932187000286e-04
1.103926825421700040e-03
9.462229932187000286e-04
1.103926825421700040e-03
1.261630657624700051e-03
1.261630657625599939e-03
1.419334489828599950e-03
1.103926825421700040e-03
9.462229932187000286e-04
1.261630657625599939e-03
1.261630657624700051e-03
1.261630657625599939e-03
9.462229932187000286e-04
7.885191610157000174e-04
9.462229932187000286e-04
7.885191610157000174e-04
1.103926825421700040e-03
9.462229932187000286e-04
1.103926825421700040e-03
1.151237975082819963e-02
1.103926825421700040e-03
1.261630657624700051e-03
1.419334489827700062e-03
1.103926825421700040e-03
1.419334489827700062e-03
1.734742154234500009e-03
1.892445986437500021e-03
1.261630657624700051e-03
1.103926825421700040e-03
1.419334489827700062e-03
1.577038322031499998e-03
1.261630657625599939e-03
9.462229932196000249e-04
7.885191610157000174e-04
9.462229932196000249e-04
1.103926825422599928e-03
7.885191610157000174e-04
1.261630657625599939e-03
9.462229932196000249e-04
1.261630657625599939e-03
1.419334489828599950e-03
1.261630657625599939e-03
7.885191610157000174e-04
6.308153288127999695e-04
1.261630657625599939e-03
1.103926825422599928e-03
6.308153288127999695e-04
7.254376281344200421e-03
1.261630657625599939e-03
4.731114966098000124e-04
9.462229932187000286e-04
4.731114966098000124e-04
7.885191610157000174e-04
4.731114966098000124e-04
9.462229932187000286e-04
6.308153288127999695e-04
9.462229932187000286e-04
1.261630657625599939e-03
9.462229932187000286e-04
1.261630657625599939e-03
9.462229932187000286e-04
1.103926825421700040e-03
6.308153288127999695e-04
7.885191610157000174e-04
6.308153288127999695e-04
1.892445986437500021e-03
9.462229932187000286e-04
7.885191610157000174e-04
9.462229932187000286e-04
6.308153288127999695e-04
4.731114966098000124e-04
1.103926825421700040e-03
4.731114966098000124e-04
1.577038322028999936e-04
7.885191610157000174e-04
1.577038322028999936e-04
7.885191610157000174e-04
3.154076644059000049e-04
1.577038322028999936e-04
1.103926825421700040e-03
3.154076644059000049e-04
9.462229932187000286e-04
7.885191610157000174e-04
6.308153288127999695e-04
7.885191610157000174e-04
9.462229932187000286e-04
7.885191610157000174e-04
9.462229932187000286e-04
1.103926825421700040e-03
9.462229932187000286e-04
1.103926825421700040e-03
1.419334489828599950e-03
1.103926825421700040e-03
1.103926825422599928e-03
1.261630657625599939e-03
2.586342848131269884e-02
1.419334489828599950e-03
9.462229932187000286e-04
7.885191610157000174e-04
9.462229932187000286e-04
7.885191610157000174e-04
6.308153288127999695e-04
1.577038322028999936e-04
1.103926825422599928e-03
7.885191610157000174e-04
9.462229932187000286e-04
7.885191610157000174e-04
2.680965147453300002e-03
6.308153288127999695e-04
7.885191610157000174e-04
6.308153288127999695e-04
6.623560952531300054e-03
6.308153288127999695e-04
9.462229932187000286e-04
6.308153288127999695e-04
7.885191610157000174e-04
1.103926825421700040e-03
9.462229932187000286e-04
7.885191610157000174e-04
1.103926825421700040e-03
9.462229932187000286e-04
1.103926825421700040e-03
7.885191610157000174e-04
9.462229932187000286e-04
7.885191610157000174e-04
1.103926825421700040e-03
6.308153288127999695e-04
9.462229932187000286e-04
7.885191610157000174e-04
1.103926825422599928e-03
9.462229932187000286e-04
7.885191610157000174e-04
9.462229932187000286e-04
7.885191610157000174e-04
9.462229932187000286e-04
6.308153288127999695e-04
7.885191610157000174e-04
6.308153288127999695e-04
4.731114966098000124e-04
1.261630657624700051e-03
7.885191610157000174e-04
1.103926825421700040e-03
7.885191610157000174e-04
6.308153288127999695e-04
7.885191610157000174e-04
1.119697208642220047e-02
7.885191610157000174e-04
9.462229932187000286e-04
7.885191610157000174e-04
1.419334489828599950e-03
7.412080113547100252e-03
6.308153288118999733e-04
1.261630657625599939e-03
9.462229932196000249e-04
1.103926825422599928e-03
7.885191610157000174e-04
9.462229932196000249e-04
1.261630657625599939e-03
1.103926825422599928e-03
1.261630657625599939e-03
1.577038322031499998e-03
1.734742154234500009e-03
1.419334489828599950e-03
1.261630657625599939e-03
1.750512537454679968e-02
1.577038322031499998e-03
1.419334489828599950e-03
1.103926825421700040e-03
7.885191610157000174e-04
1.577038322031499998e-03
4.731114966098000124e-04
9.462229932187000286e-04
7.885191610157000174e-04
1.103926825422599928e-03
9.462229932187000286e-04
7.885191610157000174e-04
9.462229932187000286e-04
1.419334489828599950e-03
1.103926825421700040e-03
7.885191610157000174e-04
1.103926825421700040e-03
1.261630657624700051e-03
4.731114966098000124e-04
9.462229932187000286e-04
6.308153288127999695e-04
1.103926825421700040e-03
4.731114966098000124e-04
6.308153288127999695e-04
4.731114966098000124e-04
7.885191610157000174e-04
3.154076644059000049e-04
6.308153288127999695e-04
7.885191610157000174e-04
1.103926825422599928e-03
9.462229932187000286e-04
6.308153288127999695e-04
4.731114966098000124e-04
7.885191610157000174e-04
6.308153288127999695e-04
7.885191610157000174e-04
9.462229932187000286e-04
6.308153288127999695e-04
9.462229932187000286e-04
1.103926825421700040e-03
9.462229932187000286e-04
1.261630657624700051e-03
4.731114966098000124e-04
6.308153288127999695e-04
1.103926825421700040e-03
9.462229932187000286e-04
7.885191610157000174e-04
1.103926825421700040e-03
9.462229932187000286e-04
7.885191610157000174e-04
1.261630657624700051e-03
4.731114966093800250e-03
7.885191610157000174e-04
6.308153288127999695e-04
3.154076644059000049e-04
1.103926825421700040e-03
7.885191610157000174e-04
1.103926825421700040e-03
4.731114966089000162e-04
6.308153288125399778e-03
4.731114966089000162e-04
6.308153288118999733e-04
3.154076644059000049e-04
6.308153288118999733e-04
7.885191610148000211e-04
9.462229932187000286e-04
2.050149818640499815e-03
6.150449455921499879e-03
1.103926825421700040e-03
6.308153288127999695e-04
7.885191610157000174e-04
9.462229932187000286e-04
1.892445986437500021e-03
5.677337959312600026e-03
6.308153288118999733e-04
1.103926825421700040e-03
7.885191610157000174e-04
9.462229932187000286e-04
1.103926825421700040e-03
1.577038322028999936e-04
7.885191610157000174e-04
6.308153288127999695e-04
4.731114966098000124e-04
6.308153288127999695e-04
9.462229932187000286e-04
6.308153288127999695e-04
9.462229932187000286e-04
1.577038322028999936e-04
4.731114966098000124e-04
7.885191610157000174e-04
9.462229932187000286e-04
4.731114966098000124e-04
6.308153288127999695e-04
3.154076644068000011e-04
4.731114966098000124e-04
6.308153288127999695e-04
9.462229932187000286e-04
4.731114966089000162e-04
1.892445986437500021e-03
7.885191610157000174e-04
7.885191610148000211e-04
2.838668979656300013e-03
9.462229932187000286e-04
6.308153288118999733e-04
7.885191610157000174e-04
9.462229932187000286e-04
1.103926825422599928e-03
7.885191610157000174e-04
1.103926825422599928e-03
6.308153288127999695e-04
1.734742154234500009e-03
6.308153288127999695e-04
9.462229932187000286e-04
1.261630657624700051e-03
1.261630657625599939e-03
9.462229932187000286e-04
1.103926825421700040e-03
1.261630657624700051e-03
1.419334489828599950e-03
1.103926825422599928e-03
7.885191610157000174e-04
6.465857120328400223e-03
7.885191610157000174e-04
9.462229932187000286e-04
7.885191610157000174e-04
6.308153288127999695e-04
7.885191610157000174e-04
6.308153288127999695e-04
7.885191610157000174e-04
9.462229932187000286e-04
1.577038322028999936e-04
9.462229932187000286e-04
7.885191610157000174e-04
6.308153288127999695e-04
7.885191610157000174e-04
6.308153288127999695e-04
3.154076644059000049e-04
9.462229932187000286e-04
7.885191610157000174e-04
9.462229932187000286e-04
4.731114966089000162e-04
3.154076644059000049e-04
6.308153288127999695e-04
9.462229932187000286e-04
6.308153288127999695e-04
4.731114966098000124e-04
6.308153288127999695e-04
4.731114966098000124e-04
7.885191610157000174e-04
9.462229932187000286e-04
6.308153288127999695e-04
9.462229932187000286e-04
7.885191610148000211e-04
9.462229932187000286e-04
7.885191610157000174e-04
9.462229932187000286e-04
1.103926825422599928e-03
9.462229932187000286e-04
6.308153288127999695e-04
9.462229932187000286e-04
7.885191610148000211e-04
2.050149818640499815e-03
9.462229932187000286e-04
7.885191610157000174e-04
1.088156442201539988e-02
9.462229932187000286e-04
7.885191610157000174e-04
7.885191610148000211e-04
1.103926825422599928e-03
7.885191610157000174e-04
9.462229932187000286e-04
1.103926825421919916e-02
4.021447721179639834e-02
7.885191610148000211e-04
9.462229932187000286e-04
1.103926825422599928e-03
7.885191610157000174e-04
7.885191610148000211e-04
1.577038322028999936e-04
7.885191610157000174e-04
9.462229932187000286e-04
4.731114966098000124e-04
3.311780476265199866e-03
6.308153288118999733e-04
1.103926825421700040e-03
3.154076644059000049e-04
7.885191610148000211e-04
3.154076644059000049e-04
6.308153288118999733e-04
2.050149818641400137e-03
1.103926825422599928e-03
9.462229932187000286e-04
7.885191610157000174e-04
7.885191610148000211e-04
7.885191610157000174e-04
7.885191610148000211e-04
4.731114966089000162e-04
7.885191610148000211e-04
6.308153288118999733e-04
3.154076644059000049e-04
7.885191610148000211e-04
4.731114966089000162e-04
7.885191610148000211e-04
6.308153288118999733e-04
9.462229932187000286e-04
6.308153288118999733e-04
4.731114966089000162e-04
9.462229932187000286e-04
1.797823687115570127e-02
6.308153288127999695e-04
9.462229932187000286e-04
3.154076644059000049e-04
7.885191610157000174e-04
6.308153288127999695e-04
7.885191610157000174e-04
3.154076644059000049e-04
6.308153288127999695e-04
9.462229932187000286e-04
4.731114966089000162e-04
7.885191610157000174e-04
4.731114966089000162e-04
1.577038322028999936e-04
4.731114966089000162e-04
6.308153288127999695e-04
2.680965147452400114e-03
7.885191610157000174e-04
4.731114966098000124e-04
6.308153288127999695e-04
4.731114966098000124e-04
3.154076644068000011e-04
4.731114966098000124e-04
7.885191610148000211e-04
7.885191610157000174e-04
3.942595805078000053e-03
4.731114966098000124e-04
1.103926825421919916e-02
6.308153288118999733e-04
7.885191610148000211e-04
3.154076644059000049e-04
4.731114966089000162e-04
3.154076644059000049e-04
3.154076644068000011e-04
3.154076644059000049e-04
2.838668979656300013e-03
4.731114966098000124e-04
0.000000000000000000e+00
4.731114966098000124e-04
3.154076644068000011e-04
1.577038322037999899e-04
4.731114966098000124e-04
0.000000000000000000e+00
7.885191610157000174e-04
4.731114966098000124e-04
2.680965147452400114e-03
3.942595805078000053e-03
3.154076644059000049e-04
7.885191610157000174e-04
6.308153288127999695e-04
3.154076644059000049e-04
1.829364453556259901e-02
7.885191610157000174e-04
3.264469326604710342e-02
6.308153288118999733e-04
7.885191610157000174e-04
6.308153288127999695e-04
7.885191610157000174e-04
4.731114966089000162e-04
7.885191610157000174e-04
9.462229932187000286e-04
6.308153288118999733e-04
9.462229932187000286e-04
7.885191610148000211e-04
7.885191610157000174e-04
7.885191610148000211e-04
9.462229932187000286e-04
6.308153288118999733e-04
1.577038322028999936e-04
7.885191610148000211e-04
9.462229932187000286e-04
1.734742154233599905e-03
1.261630657624700051e-03
7.885191610157000174e-04
6.308153288127999695e-04
9.462229932187000286e-04
7.885191610157000174e-04
8.516006938968900472e-03
9.462229932187000286e-04
1.103926825421700040e-03
7.885191610157000174e-04
1.103926825421700040e-03
1.734742154234500009e-03
4.731114966089000162e-04
6.308153288127999695e-04
9.462229932187000286e-04
8.358303106765899160e-03
9.462229932187000286e-04
7.885191610157000174e-04
1.577038322028999936e-04
7.885191610157000174e-04
9.462229932196000249e-04
6.308153288118999733e-04
1.577038322028999936e-04
0.000000000000000000e+00
6.308153288118999733e-04
4.731114966098000124e-04
7.885191610157000174e-04
9.462229932187000286e-04
6.308153288127999695e-04
4.731114966098000124e-04
1.103926825421700040e-03
7.885191610157000174e-04
9.462229932187000286e-04
7.885191610157000174e-04
9.462229932187000286e-04
7.885191610157000174e-04
6.308153288118999733e-04
9.462229932187000286e-04
1.103926825422599928e-03
9.462229932196000249e-04
1.103926825421700040e-03
1.419334489828599950e-03
1.261630657625599939e-03
1.103926825421700040e-03
1.261630657625599939e-03
1.419334489828599950e-03
1.103926825421700040e-03
1.261630657624700051e-03
1.419334489828599950e-03
1.261630657624700051e-03
1.419334489828599950e-03
1.103926825421700040e-03
1.261630657624700051e-03
1.419334489828599950e-03
1.261630657625599939e-03
1.261630657624700051e-03
1.419334489828599950e-03
1.261630657625599939e-03
1.419334489828599950e-03
1.261630657624700051e-03
1.103926825422599928e-03
9.462229932187000286e-04
1.261630657625599939e-03
9.462229932187000286e-04
1.261630657625599939e-03
9.462229932187000286e-04
1.261630657624700051e-03
9.462229932187000286e-04
1.103926825421700040e-03
1.419334489828599950e-03
3.075224727960959928e-02
1.103926825422599928e-03
9.462229932187000286e-04
1.103926825421700040e-03
1.261630657625599939e-03
1.103926825422599928e-03
9.462229932187000286e-04
1.103926825421700040e-03
1.261630657625599939e-03
1.103926825422599928e-03
1.419334489828599950e-03
1.103926825422599928e-03
9.462229932187000286e-04
1.103926825422599928e-03
1.103926825421700040e-03
1.261630657625599939e-03
9.462229932196000249e-04
4.731114966098000124e-04
9.462229932187000286e-04
3.154076644062199855e-03
4.731114966098000124e-04
1.103926825421700040e-03
9.462229932187000286e-04
7.885191610157000174e-04
2.050149818640499815e-03
9.462229932187000286e-04
1.892445986437500021e-03
9.462229932187000286e-04
1.718971771014080052e-02
1.103926825421700040e-03
1.734742154234500009e-03
3.784891972874990240e-02
1.103926825421700040e-03
9.462229932187000286e-04
1.103926825421700040e-03
1.261630657624700051e-03
9.462229932187000286e-04
1.261630657624700051e-03
1.419334489827700062e-03
9.462229932187000286e-04
1.419334489827700062e-03
2.050149818640499815e-03
1.261630657624700051e-03
1.103926825421700040e-03
9.462229932187000286e-04
1.103926825421700040e-03
3.075224727960959928e-02
1.261630657624700051e-03
1.103926825421700040e-03
9.462229932187000286e-04
1.103926825421700040e-03
1.261630657624700051e-03
1.103926825421700040e-03
1.261630657624700051e-03
3.075224727960959928e-02
1.261630657624700051e-03
1.103926825421700040e-03
9.462229932187000286e-04
1.261630657624700051e-03
1.103926825421700040e-03
1.261630657624700051e-03
3.075224727960959928e-02
1.261630657624700051e-03
1.103926825421700040e-03
9.462229932187000286e-04
1.103926825421700040e-03
9.462229932187000286e-04
1.261630657624700051e-03
1.261630657625599939e-03
1.103926825422599928e-03
9.462229932196000249e-04
1.261630657624700051e-03
1.103926825421700040e-03
1.103926825422599928e-03
7.885191610157000174e-04
1.261630657625599939e-03
1.103926825422599928e-03
9.462229932196000249e-04
1.103926825422599928e-03
1.261630657625599939e-03
1.103926825422599928e-03
1.892445986437500021e-03
1.671660621353189893e-02
3.784891972874990240e-02
1.419334489828599950e-03
1.103926825422599928e-03
9.462229932187000286e-04
1.419334489828599950e-03
6.308153288127999695e-04
1.103926825421700040e-03
9.462229932187000286e-04
1.261630657625599939e-03
1.671660621353189893e-02
3.784891972874990240e-02
1.671660621353189893e-02
9.462229932187000286e-04
7.885191610157000174e-04
9.462229932187000286e-04
1.103926825422599928e-03
9.462229932187000286e-04
6.308153288127999695e-04
7.885191610157000174e-04
9.462229932187000286e-04
7.885191610157000174e-04
6.308153288127999695e-04
7.885191610157000174e-04
1.908216369657839834e-02
4.731114966098000124e-04
3.264469326604710342e-02
4.731114966098000124e-04
9.462229932187000286e-04
7.885191610157000174e-04
6.308153288127999695e-04
7.885191610157000174e-04
1.261630657625599939e-03
9.462229932187000286e-04
3.154076644068000011e-04
7.885191610157000174e-04
6.308153288127999695e-04
3.264469326604710342e-02
9.462229932187000286e-04
3.154076644068000011e-04
9.462229932187000286e-04
3.264469326604710342e-02
7.885191610157000174e-04
4.731114966098000124e-04
6.308153288127999695e-04
4.731114966098000124e-04
6.308153288127999695e-04
4.731114966098000124e-04
3.154076644068000011e-04
1.577038322028999936e-04
4.731114966098000124e-04
1.577038322028999936e-04
3.154076644059000049e-04
0.000000000000000000e+00
3.154076644059000049e-04
1.577038322028999936e-04
6.308153288118999733e-04
4.731114966089000162e-04
1.577038322028999936e-04
7.885191610148000211e-04
3.154076644059000049e-04
1.577038322028999936e-04
3.154076644059000049e-04
6.308153288127999695e-04
4.731114966098000124e-04
7.885191610157000174e-04
6.308153288127999695e-04
7.885191610157000174e-04
1.577038322031499998e-03
3.627188140672100210e-03
3.154076644068000011e-04
4.731114966098000124e-04
6.308153288127999695e-04
3.154076644068000011e-04
4.731114966098000124e-04
6.308153288127999695e-04
3.154076644068000011e-04
4.731114966098000124e-04
6.308153288127999695e-04
4.731114966098000124e-04
9.462229932187000286e-04
6.308153288127999695e-04
4.731114966098000124e-04
3.154076644068000011e-04
4.731114966098000124e-04
6.308153288127999695e-04
4.731114966098000124e-04
3.154076644068000011e-04
4.731114966098000124e-04
7.885191610157000174e-04
4.731114966098000124e-04
1.577038322028999936e-04
3.154076644059000049e-04
6.308153288127999695e-04
3.154076644059000049e-04
1.577038322028999936e-04
3.154076644059000049e-04
1.214319507964099938e-02
3.122535877621850087e-02
1.577038322028999936e-04
0.000000000000000000e+00
1.577038322028999936e-04
4.731114966089000162e-04
1.577038322028999936e-04
4.731114966089000162e-04
1.577038322028999936e-04
4.731114966089000162e-04
7.885191610148000211e-04
4.731114966089000162e-04
3.154076644059000049e-04
6.308153288118999733e-04
4.731114966089000162e-04
1.230089891184400069e-02
1.577038322028999936e-04
0.000000000000000000e+00
1.577038322028999936e-04
0.000000000000000000e+00
7.885191610148000211e-04
9.462229932187000286e-04
1.198549124743799980e-02
1.214319507964099938e-02
1.923986752878130077e-02
3.154076644068000011e-04
3.627188140672100210e-03
3.154076644068000011e-04
4.731114966098000124e-04
7.885191610157000174e-04
1.577038322028999936e-04
3.154076644068000011e-04
4.731114966098000124e-04
3.154076644068000011e-04
7.885191610157000174e-04
4.731114966098000124e-04
3.154076644068000011e-04
6.308153288127999695e-04
3.154076644068000011e-04
7.885191610157000174e-04
4.731114966098000124e-04
6.308153288127999695e-04
4.731114966098000124e-04
7.885191610157000174e-04
3.154076644068000011e-04
4.731114966098000124e-04
3.627188140672100210e-03
6.308153288127999695e-04
7.885191610157000174e-04
6.308153288127999695e-04
3.154076644068000011e-04
6.308153288127999695e-04
7.885191610157000174e-04
6.308153288127999695e-04
9.462229932187000286e-04
6.308153288127999695e-04
9.462229932187000286e-04
1.103926825421700040e-03
1.261630657624700051e-03
1.103926825421700040e-03
7.885191610157000174e-04
9.935341428797499555e-03
1.040845292540639941e-02
7.885191610157000174e-04
1.103926825421700040e-03
7.885191610157000174e-04
9.462229932196000249e-04
6.308153288127999695e-04
1.103926825422599928e-03
1.261630657624700051e-03
1.230089891184400069e-02
9.462229932196000249e-04
7.885191610157000174e-04
9.462229932196000249e-04
1.230089891184400069e-02
9.462229932196000249e-04
7.885191610157000174e-04
8.200599274562899582e-03
1.261630657625599939e-03
1.103926825422599928e-03
7.885191610157000174e-04
1.261630657625599939e-03
1.230089891184400069e-02
1.261630657625599939e-03
6.308153288127999695e-04
9.462229932187000286e-04
7.885191610157000174e-04
9.462229932187000286e-04
7.885191610157000174e-04
9.462229932187000286e-04
7.885191610157000174e-04
7.569783945750099829e-03
1.103926825421700040e-03
1.261630657625599939e-03
1.734742154234380010e-02
7.885191610157000174e-04
1.577038322031499998e-03
3.469484308468199878e-03
9.462229932187000286e-04
6.308153288118999733e-04
1.103926825422599928e-03
1.103926825421700040e-03
9.462229932196000249e-04
1.103926825422599928e-03
6.308153288127999695e-04
7.885191610157000174e-04
9.462229932187000286e-04
1.103926825421700040e-03
9.462229932187000286e-04
1.103926825421700040e-03
7.885191610157000174e-04
9.462229932187000286e-04
7.885191610157000174e-04
1.261630657624700051e-03
1.103926825422599928e-03
1.577038322031499998e-03
9.462229932196000249e-04
1.261630657625599939e-03
1.419334489828599950e-03
1.261630657625599939e-03
3.784891972874990240e-02
1.577038322031499998e-03
1.419334489828599950e-03
1.261630657625599939e-03
1.577038322031499998e-03
1.419334489828599950e-03
1.261630657625599939e-03
1.261630657624700051e-03
1.103926825421700040e-03
9.462229932187000286e-04
1.103926825421700040e-03
7.885191610157000174e-04
1.103926825421700040e-03
9.462229932187000286e-04
1.103926825421700040e-03
6.308153288118999733e-04
1.103926825421700040e-03
1.261630657624700051e-03
1.103926825421700040e-03
9.462229932187000286e-04
1.103926825421700040e-03
4.731114966098000124e-04
7.885191610157000174e-04
9.462229932187000286e-04
7.885191610157000174e-04
9.462229932187000286e-04
7.885191610157000174e-04
1.261630657625599939e-03
9.462229932187000286e-04
1.103926825421700040e-03
9.462229932187000286e-04
1.261630657624700051e-03
1.419334489827700062e-03
1.577038322030599894e-03
1.103926825421700040e-03
1.687431004573489851e-02
1.577038322031499998e-03
1.103926825421700040e-03
9.462229932187000286e-04
6.308153288127999695e-04
4.731114966098000124e-04
3.784891972874990240e-02
9.462229932187000286e-04
7.885191610157000174e-04
1.734742154234500009e-03
2.523261315250299990e-03
1.892445986437500021e-03
2.523261315250299990e-03
3.154076644068000011e-04
9.462229932187000286e-04
9.462229932196000249e-04
4.731114966089000162e-04
1.103926825421700040e-03
6.308153288127999695e-04
1.261630657625599939e-03
9.462229932196000249e-04
1.419334489828599950e-03
7.885191610157000174e-04
6.308153288127999695e-04
7.885191610157000174e-04
6.308153288127999695e-04
9.462229932187000286e-04
6.308153288127999695e-04
9.462229932187000286e-04
7.885191610157000174e-04
3.075224727960959928e-02
6.308153288127999695e-04
7.885191610157000174e-04
9.462229932187000286e-04
4.731114966098000124e-04
6.781264784734299632e-03
9.462229932187000286e-04
6.308153288127999695e-04
9.462229932187000286e-04
4.731114966098000124e-04
6.308153288127999695e-04
7.885191610157000174e-04
3.075224727960959928e-02
7.885191610157000174e-04
6.308153288127999695e-04
9.462229932187000286e-04
